2.667730291764644601e+00
2.743367564428313976e+00
1.347079255972311040e+00
2.977500733660602972e+00
2.512099294799978733e+00
2.757726077635396233e+00
2.503317624848759415e+00
2.061470299807401041e+00
1.228789205951858143e+00
2.341376603270218126e+00
2.565942313976788736e+00
1.891983795447272243e+00
2.856154989237271291e+00
2.863905332517910018e+00
3.147434779424338913e+00
2.415375658365269906e+00
1.704135599585799854e+00
1.450067069223648364e+00
1.962595440231858834e+00
1.465935229565667353e+00
2.060388346522667113e+00
1.555214263456583978e+00
1.275126490721455008e+00
2.684088533473798499e+00
1.908395035330534784e+00
1.459431777433542576e+00
2.562091002255036720e+00
2.549083131896126453e+00
3.121070340285694744e+00
2.577808697538343630e+00
2.897681102184452850e+00
1.683709412069646083e+00
2.059144914171692431e+00
2.190362970478489935e+00
1.972480860116054835e+00
2.716868576986903427e+00
2.077986036731117814e+00
2.903611246805949619e+00
1.829552489076492483e+00
2.319296932847979331e+00
2.622741475475191653e+00
2.275783999778683508e+00
3.093483560952652311e+00
1.282920618670978730e+00
2.673551563409495291e+00
3.018109795861436240e+00
1.559870683712892836e+00
1.491387028514034041e+00
3.053881805909419267e+00
2.749795260959111864e+00
2.963027283683855817e+00
1.956482203769849049e+00
2.627710906376304667e+00
1.638433561710851416e+00
1.638752069784672916e+00
1.848754037424489072e+00
2.986071122649501586e+00
2.992508402443184057e+00
1.638985769919961699e+00
2.809825546309015376e+00
1.734797818490683374e+00
2.458743222398356743e+00
2.750783071094967447e+00
1.895730492584007720e+00
1.478333891773406572e+00
3.146198480522024443e+00
3.117386123476376447e+00
1.971939680205409884e+00
2.600976429488530250e+00
2.634341625837202105e+00
2.078563140739045245e+00
2.985196583759307742e+00
1.336209781429442467e+00
1.680656182497805906e+00
3.036727387453767246e+00
2.304977131722373507e+00
2.838467610298298194e+00
3.136836772969273657e+00
3.071657946853991739e+00
2.277949128487136488e+00
1.305086763103452840e+00
2.153727568088499744e+00
1.956291956918202679e+00
1.909978480926497690e+00
2.113097385412570972e+00
3.182225559496557832e+00
3.082453937923344434e+00
1.774137006687444895e+00
1.259685774474045949e+00
3.161932244679995119e+00
1.422890363357298238e+00
2.393466822468273136e+00
2.805994819387311434e+00
1.959529698716520052e+00
3.035519918407371787e+00
2.057987064311763259e+00
2.167835951023870500e+00
3.046136764711688372e+00
3.148322765697111780e+00
2.490960107317273575e+00
1.790643124562835364e+00
2.720328764009273481e+00
1.569382084843527370e+00
1.427621879746053590e+00
3.043567214943957655e+00
1.881138487042803842e+00
1.294812216048969677e+00
2.580221536017134998e+00
2.889191883266569949e+00
3.096722633097815702e+00
1.733640609353236162e+00
2.688000220539889629e+00
2.924434358241172482e+00
2.859983101529179006e+00
2.551363176700000679e+00
1.416165076685548252e+00
1.589324214575877026e+00
1.607639939334918555e+00
1.401256684178386447e+00
1.906960927341637246e+00
1.411392579343047071e+00
2.752827911017923235e+00
2.176297082233569657e+00
1.507553735873034650e+00
2.224796211669874957e+00
1.689637303400252977e+00
1.448400464896864914e+00
1.630343274208086779e+00
1.526199591975219372e+00
1.428951108321465879e+00
1.488989869668472688e+00
2.937718128359811942e+00
1.611215503803957283e+00
3.166096782279098409e+00
1.737825570195248082e+00
2.235172331612589769e+00
2.738085510466614636e+00
1.662203446486250957e+00
1.303585012334288251e+00
1.260971212818907450e+00
1.357656551831676106e+00
2.340639811235961876e+00
1.293951675424364289e+00
2.369886394267681329e+00
2.949151512397660824e+00
3.039806891937145483e+00
2.583156373500087533e+00
1.305045627252353846e+00
1.401594378840272492e+00
2.756204651620621782e+00
2.468606271156295939e+00
3.079708923831142364e+00
2.837404423636629147e+00
2.919056468076455690e+00
2.012491807290137658e+00
2.109404983409636003e+00
1.885851770264613370e+00
3.181031414876162700e+00
1.883924467171366635e+00
1.371592443497016367e+00
2.485938600849614044e+00
2.958713270118185079e+00
1.428412770870710613e+00
2.237464887981416961e+00
2.549343206396784467e+00
3.091904350251205358e+00
1.300634276837897785e+00
1.961195601077855066e+00
2.408763704320705745e+00
2.887831396065236866e+00
2.925867794746537243e+00
2.207816866878041573e+00
1.810873956959423658e+00
2.133434591627786592e+00
2.781491942886624713e+00
2.908335765701177689e+00
1.679852722538748733e+00
2.840928704034404895e+00
2.444767555177796314e+00
2.806550170160833968e+00
2.756259072804974064e+00
3.135333157107116353e+00
2.227157083035600227e+00
2.759707065700557127e+00
2.210454361837540294e+00
2.378216213251719946e+00
1.852250463351642562e+00
1.812855340783560587e+00
1.235144243749184412e+00
2.458974109126693897e+00
2.172288182433550929e+00
1.250752313785356007e+00
2.225385640143517030e+00
1.753825235467035171e+00
2.514634402491072951e+00
1.803406242263980275e+00
2.908903655498720653e+00
2.699244424002102072e+00
2.478762072356589297e+00
2.193512491504354678e+00
2.652252516038553942e+00
2.561312279839581318e+00
2.058913419892475893e+00
2.945984443324161095e+00
2.525746321473785638e+00
1.971559822111515814e+00
1.253940727182313308e+00
2.697959600040614525e+00
2.573129721193303965e+00
1.887272894104978338e+00
2.068568521630355761e+00
1.486253384418268153e+00
3.170213799894813000e+00
1.830450844330974824e+00
3.172913756488255910e+00
2.365295139619543185e+00
2.625368990384474799e+00
1.363947806073344093e+00
2.502445337414966886e+00
2.712985339105538074e+00
1.998449584516412081e+00
2.156356170861992716e+00
3.143108496225138992e+00
1.641547916818372643e+00
1.932720409434355524e+00
2.113579696184516354e+00
2.696548181786264209e+00
3.056651604865483485e+00
3.126890513076414635e+00
2.770303016444425559e+00
2.707199160392924409e+00
1.984113580142731426e+00
1.639947860913672839e+00
2.564219362287438742e+00
2.367064958173979328e+00
2.682463560564527061e+00
2.969696690640903469e+00
2.701920530333584480e+00
1.332588953718557789e+00
2.564338971374050757e+00
2.151987681353200621e+00
1.793954548580028563e+00
2.983480858309734973e+00
1.986029526337902862e+00
2.600675867135621377e+00
2.485365588000653325e+00
3.115544563113751497e+00
2.364115094460351063e+00
2.227881073106672716e+00
1.981269843190038626e+00
1.588871027532909874e+00
2.428699194251668025e+00
2.967258807229654849e+00
2.153564159574755443e+00
1.542170235931293876e+00
2.854191761879977030e+00
2.709917595701409443e+00
2.186754739398110381e+00
1.383377052082339853e+00
1.736694097513685309e+00
2.704572728294257100e+00
1.513269604494136500e+00
2.386680972969616565e+00
2.643869354269486216e+00
1.680937033662886382e+00
2.202811470058118726e+00
2.867082020601853021e+00
1.798725981786770456e+00
1.583153103443960319e+00
2.588032410352469892e+00
2.391101252098479790e+00
2.082790047101504616e+00
2.653962108205032422e+00
2.232166912355553645e+00
2.415500866020253934e+00
1.394873722020734119e+00
2.175509220751470352e+00
2.191332998658432896e+00
2.682414308962531635e+00
2.325807960607257918e+00
1.463378362422928403e+00
2.744478543565653794e+00
1.223863334305963280e+00
1.994869353333843520e+00
1.742374912627185246e+00
2.524082906379733870e+00
1.714736820746973756e+00
1.282200429540830244e+00
2.848469997839944590e+00
2.820087325760830765e+00
1.763442128687718879e+00
1.941074283628439812e+00
2.871252993618619076e+00
2.665885173536361119e+00
1.682602997813572143e+00
3.030658232940177665e+00
1.659473553163470561e+00
3.151363322144559831e+00
2.640925095017399915e+00
1.714596801564013395e+00
2.471871863185544971e+00
2.380382882230293706e+00
1.939987969031610415e+00
2.402716667691231045e+00
1.219880786988264854e+00
3.117558052315372752e+00
1.384020806915242208e+00
2.094487442848946834e+00
2.133397390148924266e+00
2.097644148882136239e+00
2.139379220993389286e+00
1.558867602049491596e+00
1.945916024234307651e+00
1.607283499105626401e+00
2.871862801870455506e+00
2.600795604569938302e+00
2.379617457520812440e+00
1.301328670067978255e+00
1.626751215234969905e+00
2.382348759682632711e+00
2.721863455919406150e+00
2.845199631571197152e+00
2.633654537054781031e+00
2.382110714089941794e+00
2.642297352276231859e+00
2.357375525885917256e+00
1.636140076617662809e+00
2.401986274797277332e+00
1.395024459546625906e+00
2.750201822070643676e+00
3.155625847697233866e+00
3.059083905731518893e+00
2.177906130226157533e+00
2.270387940431064511e+00
1.832687305382183718e+00
1.900042085287141802e+00
2.008281291775687372e+00
1.478080650415364516e+00
1.732302172648646055e+00
2.103759017164308798e+00
2.755318090250908902e+00
2.342660070722059729e+00
1.968665917993819514e+00
1.379212836222695859e+00
2.507158930575895894e+00
2.672782977603953558e+00
2.087993168295561031e+00
2.598570957849976715e+00
1.742218122601309593e+00
2.251572245703045372e+00
2.243204550769406946e+00
2.991262680769656512e+00
1.691393748966285582e+00
1.750863486693604143e+00
3.061199812552765742e+00
1.995160757176463351e+00
2.167151751489238887e+00
2.490101511399854584e+00
2.136148308405824814e+00
2.392371629301439651e+00
2.087726601949861482e+00
3.051660563968728201e+00
2.305653376603191695e+00
1.523877319679169506e+00
2.732576346490143582e+00
1.670829752493047105e+00
3.030123378555922731e+00
2.715776429839158901e+00
2.411168904630974996e+00
1.523642076708096038e+00
1.698105029894168228e+00
1.674332884674363475e+00
1.377626742689686434e+00
1.989460498502483521e+00
1.399814276540631397e+00
2.895748888759151818e+00
1.602936820944330876e+00
1.840469756851049965e+00
1.993856240558266490e+00
2.104858780710233468e+00
2.915560556928334268e+00
2.423765293465789394e+00
2.925522655199731314e+00
1.233815336861108891e+00
2.609351344590197019e+00
2.011487413051061157e+00
2.329925242788258188e+00
1.623685902630925382e+00
2.093922025403760934e+00
2.557963797715752108e+00
2.383047193570770439e+00
1.452537359988702370e+00
2.730860160823270544e+00
2.761421128410312953e+00
1.961192672019418382e+00
2.355726300003337048e+00
1.229197795002711979e+00
1.560050869259105744e+00
2.982464622241603358e+00
1.357145923819490729e+00
2.277989267694927378e+00
1.786643264829731015e+00
1.235107042636818697e+00
3.103179972483229410e+00
2.445187577900087561e+00
2.948706980241405873e+00
2.630221839076149148e+00
2.081423265670815148e+00
1.555764327598160968e+00
1.706185368596532914e+00
1.247438413778352517e+00
2.318808726220841887e+00
1.420503736315085419e+00
2.344794416964233186e+00
1.456765972551246957e+00
1.738788076427828289e+00
2.923742240857528429e+00
2.999158307058391149e+00
2.511124906049689187e+00
3.094691182766308390e+00
2.127567786301211239e+00
1.910299331398360057e+00
1.480817113096581039e+00
1.726178252789380307e+00
2.201900712075160360e+00
1.727126967066446639e+00
2.293515614888428811e+00
2.915322110455045745e+00
2.454472777596752309e+00
1.325825276783122453e+00
2.604887755466849697e+00
1.918539216869689090e+00
1.789581774510824008e+00
3.031508580425473554e+00
1.961632784093803039e+00
2.698180871348311527e+00
2.972842672394296226e+00
2.814627302616494298e+00
2.352893655135386286e+00
1.635794152545775981e+00
2.366653582200034300e+00
2.587949764949599718e+00
2.142666389534935600e+00
2.673449350141417380e+00
2.518953262164520979e+00
1.515602549959369938e+00
3.171399881027409773e+00
1.763610042836527114e+00
2.863012019510818185e+00
3.002995902112240767e+00
1.902789343289726709e+00
1.532086601423138905e+00
1.933778077920611960e+00
2.116816176560740725e+00
1.533661754534401567e+00
3.139664091128013368e+00
1.608147328882218563e+00
2.386677410427614721e+00
2.058799335885299175e+00
2.214025652202394667e+00
2.947285267006466203e+00
2.485359401393775869e+00
2.884570285506862231e+00
1.435322861548656403e+00
3.182943888195643112e+00
3.071744757901189615e+00
2.123498894862192454e+00
2.374235676260637806e+00
2.762366483298738018e+00
3.012071549020313821e+00
2.574687834188253532e+00
2.737162696938718387e+00
1.417211099797351714e+00
1.519966605412041760e+00
2.206442335709281721e+00
2.106727871676201680e+00
2.024279241034924404e+00
1.414242298098600692e+00
2.354288665777153344e+00
1.250799332423125687e+00
1.832947212316689223e+00
3.157855285475610785e+00
1.441275581136073791e+00
2.446005700293190088e+00
3.146358457205514547e+00
2.002395728699170263e+00
2.499255686919215069e+00
2.681550999680388792e+00
2.822003893355819137e+00
2.626242277899867972e+00
2.793646679184016435e+00
2.212562392703604441e+00
2.415171808400672582e+00
2.064032189053093713e+00
2.421988407151842715e+00
2.846388223891164415e+00
3.139265538593917881e+00
2.374349468996226786e+00
3.003622132043153758e+00
3.069065167558200802e+00
2.288957008160057427e+00
2.460053152194677129e+00
2.194664207722894833e+00
2.751076101995574064e+00
2.081709569769080392e+00
2.015294381190400497e+00
2.896160199548454717e+00
1.913444651893864146e+00
2.333337879224220757e+00
1.318380737232958344e+00
1.932426121863261459e+00
2.028771366480334404e+00
2.402440960159735184e+00
2.578130455719931824e+00
1.320761823719539763e+00
2.578553565609763343e+00
2.915511698420828246e+00
1.787091904044013857e+00
2.367015588662765513e+00
1.246932873166918032e+00
2.523061901190630785e+00
2.050022452609363999e+00
2.149788672138641221e+00
2.092405860927210259e+00
1.842996527950966357e+00
1.935929888437665447e+00
2.878343016990983383e+00
2.880101614175746061e+00
2.169825908381381563e+00
1.335024038075368180e+00
3.167174246739920207e+00
2.886251219489235353e+00
1.883326113147530512e+00
2.982164151923426321e+00
1.822961640152313656e+00
3.114020806961077081e+00
1.826366575772367939e+00
1.675765186658184192e+00
1.318183937487795054e+00
2.792464255078939583e+00
1.463302875436443884e+00
2.110351344942703378e+00
3.170241930106977524e+00
3.081289687998354676e+00
2.386659400221753380e+00
1.590247943799130592e+00
1.295253058447561667e+00
1.654008693273329111e+00
1.514201566820329692e+00
1.870939931382537891e+00
2.395608819078194340e+00
3.105342820606102006e+00
2.625494989885399644e+00
2.814366468811995148e+00
2.327289716670435382e+00
1.731854020145447093e+00
1.352734456136546193e+00
1.885197108802303623e+00
2.235868472567902998e+00
2.796287844245378906e+00
2.913675075467920372e+00
2.024406080292073806e+00
1.636992947116947983e+00
3.136690196123690821e+00
1.320543328033416230e+00
2.395130333475287365e+00
2.255609105438800110e+00
2.975534598975269951e+00
2.169836389085885830e+00
3.001118090633110747e+00
1.465650902747830608e+00
1.596950114839380319e+00
1.425487688149737142e+00
3.125764647464204238e+00
2.735876438832278712e+00
2.193148184257656563e+00
1.407545614165132797e+00
3.091423161833779076e+00
1.635811350652062623e+00
1.705765156461117371e+00
2.118066771781478064e+00
2.855964836570360710e+00
2.283515582004612021e+00
2.836580329298974856e+00
1.848349846654182338e+00
1.340098664217252322e+00
1.430765449662953603e+00
1.607403821067469041e+00
2.764397026468391694e+00
2.881186432968958933e+00
2.828628177572607871e+00
1.626262391456993583e+00
1.897569608390454743e+00
2.790361700407560264e+00
2.389628471789086994e+00
2.660223957648787607e+00
2.449462088852481845e+00
1.387618682647627999e+00
3.112377689329491659e+00
2.967811612282853506e+00
2.587083992938546739e+00
1.274214003172947640e+00
1.467284668985136875e+00
1.901378374938466731e+00
1.802964990971666737e+00
2.153827266804754448e+00
2.800054115645823405e+00
1.690979647974355293e+00
1.757106339771665748e+00
1.745704806230890194e+00
1.546023772860280365e+00
2.826451960594748680e+00
2.443364496517636653e+00
2.070291444900242972e+00
1.289210687282158041e+00
1.347952121434147443e+00
1.996557598916477883e+00
2.499252386376830337e+00
1.262700608546499348e+00
2.837377252154380969e+00
1.896501003532784280e+00
1.865077123615477284e+00
2.885646772782037850e+00
2.009124071416977575e+00
1.678715333668742371e+00
2.721608812501215890e+00
2.511566879860938961e+00
1.465630888302255075e+00
2.730778426048468432e+00
2.665878002255081647e+00
2.536460342424995851e+00
2.348724764723682412e+00
2.332051494079997234e+00
1.414447147550990991e+00
2.613459915753582052e+00
3.170751814096639531e+00
2.624487216665618128e+00
1.671561559295437149e+00
2.004656221524506510e+00
2.898330965993397790e+00
2.758024894836906160e+00
1.732258354209248230e+00
2.985022149597992502e+00
2.695619036833259763e+00
2.635153826150810730e+00
3.085537003790201460e+00
2.032797276748985027e+00
2.280389175093350485e+00
2.670724080293923830e+00
1.342361898706931234e+00
2.185411332252851224e+00
2.353116667283388086e+00
2.793077278708927302e+00
2.800518745216737493e+00
1.956365494305998265e+00
1.379474999276978586e+00
1.886887438214400747e+00
2.699491339666943102e+00
1.562207982570612108e+00
1.755180105132683188e+00
2.861086652897873339e+00
2.639118360446908174e+00
1.634617759070166931e+00
1.781721186876161322e+00
1.421416923782707897e+00
2.416458739040714399e+00
1.266355892085556212e+00
1.633922477216817049e+00
2.761548895139813720e+00
2.794166018985347222e+00
2.681755694992804973e+00
1.242973939040537212e+00
1.650644795198920267e+00
2.643001954464652581e+00
2.256478901763791178e+00
2.833399101870907266e+00
2.539734737523616115e+00
2.108521929475260404e+00
2.799408306543748282e+00
1.897953737643715888e+00
1.853170134851175987e+00
2.321167317293993726e+00
2.119348164578263027e+00
1.329416146698931156e+00
2.752462178469055054e+00
1.836745893939748298e+00
2.845227891711370916e+00
2.115272679903664077e+00
2.397774459883824427e+00
2.343082380813870103e+00
1.597431172512972841e+00
3.175966039835629307e+00
1.222270337012223207e+00
3.043383686436642588e+00
1.784251915885313622e+00
3.005813668107178316e+00
2.031025240323105496e+00
2.657228810821588016e+00
2.925171629122850003e+00
2.617353345381529639e+00
1.241301796113577938e+00
1.795997821756038171e+00
3.091671139729908813e+00
2.545633415515953679e+00
1.931516666759661272e+00
2.062243731568229155e+00
2.701847818679449453e+00
2.194289542177174201e+00
1.646711524415551686e+00
2.164254613779247549e+00
1.867884041513557136e+00
1.606529104014283948e+00
2.429762274730640215e+00
1.334175000964683333e+00
2.530660002355681559e+00
2.394605776146774279e+00
1.275032634250717001e+00
1.784488498337375884e+00
1.905332115437632368e+00
2.480827051676181672e+00
1.707835003306322541e+00
2.570272652419428816e+00
2.360129235924246061e+00
2.867243488951903618e+00
2.470736980102792302e+00
2.398649781168849415e+00
1.230459591838399813e+00
1.716881099401056598e+00
1.685873343218778686e+00
2.680818053917471744e+00
1.597546142919158196e+00
3.168302749580770072e+00
1.622205152636551961e+00
1.707038285093329888e+00
1.453869993066801758e+00
2.146423820063838139e+00
3.179881993694603004e+00
1.962608879749409452e+00
2.587797177608694099e+00
2.996604659154774808e+00
2.167381117042388006e+00
2.173277148634022993e+00
1.353309857393324656e+00
3.033655076950723561e+00
2.206307398791879759e+00
1.919913164255158344e+00
2.186278213983374741e+00
2.409975092031476418e+00
2.654357868035148282e+00
3.004434074520641929e+00
1.303856325154019835e+00
2.649085299576921404e+00
1.955406195741427711e+00
1.247479103911407705e+00
3.116319147493677111e+00
1.763471032942182992e+00
1.794662614795398126e+00
2.801182213750038397e+00
1.530281329846786997e+00
2.523946766378410533e+00
1.894669562655349360e+00
2.938656044533080269e+00
2.992488501966843906e+00
3.057634860144322619e+00
2.740090034381687634e+00
2.863899733083052013e+00
3.140415558950871766e+00
2.138416597224692683e+00
2.649022669575932021e+00
2.341141782256378701e+00
2.297957207872933338e+00
1.537136624363782289e+00
3.129417555368153359e+00
1.753703094576634980e+00
3.000050066461604548e+00
2.603219562120273167e+00
2.997210560018239711e+00
1.472147611470561390e+00
2.706591803642849570e+00
3.038346846676035717e+00
1.892671367100123625e+00
2.190975506410818063e+00
1.790999969900859856e+00
2.481940333812609367e+00
2.288800729811517165e+00
2.589772880361625784e+00
1.954295552629971455e+00
2.837583219497270992e+00
3.151178536225984317e+00
2.538623369406538099e+00
1.291760829440766312e+00
1.990004397405358283e+00
1.769332514008860491e+00
2.433774293481845596e+00
3.177008626981077999e+00
2.465712665290557659e+00
3.034474423649933250e+00
2.141672508753670101e+00
2.230075429642514262e+00
2.986373001579260222e+00
2.483934102381939901e+00
2.738072412463956606e+00
2.838473863666300723e+00
2.965799991810567970e+00
2.780038840334726924e+00
3.131568811567746913e+00
1.459620040144689934e+00
2.833018030441098123e+00
3.141180891455153557e+00
1.402688088532522581e+00
2.412822749571020609e+00
1.717040370084684353e+00
1.879514511532688115e+00
1.995259483030425995e+00
2.703873038034535270e+00
3.087337260472924783e+00
1.990208916798531513e+00
3.081217820381087602e+00
1.352563343906997284e+00
1.792376738306969086e+00
2.157902691216838420e+00
3.048395798998170481e+00
2.445298303413314667e+00
1.816403415163753365e+00
2.544370343691082059e+00
1.884886989488248288e+00
3.141777252169212442e+00
1.233811807209247213e+00
1.416901450035489285e+00
2.996573302442577358e+00
1.313691538106930734e+00
1.951766126905798204e+00
2.896216803099342041e+00
2.029496059725205193e+00
2.999575351087454766e+00
3.157546535507634200e+00
2.568121678309617462e+00
2.527744496380796679e+00
2.100395567377149053e+00
2.371325411691223906e+00
2.885136445475454448e+00
2.810234926779128450e+00
2.769760315328107847e+00
1.862780524072138011e+00
1.920634423831921067e+00
1.822269617743466075e+00
2.667717974072423726e+00
3.021798835724880838e+00
2.349092826864918937e+00
3.152296164043072668e+00
1.492179612888176576e+00
1.504217067692335430e+00
2.290676612778192567e+00
2.930432357992768466e+00
1.944065199273748545e+00
1.256363477014253993e+00
3.071879781733247050e+00
2.875854404014551502e+00
2.469022540656716114e+00
2.106411195303456996e+00
2.766249137005304615e+00
2.992461741422983046e+00
2.511509506115267243e+00
3.069226451108274745e+00
2.585438144461727816e+00
1.555755611513985004e+00
2.353890042237966718e+00
1.543193046283856118e+00
2.475057175740784210e+00
2.681366555320757517e+00
2.818798495925262326e+00
2.618587151860102935e+00
2.836486011896109716e+00
2.783020542031202638e+00
2.050363368931073627e+00
2.911632953234445154e+00
1.909032248895358386e+00
2.192869976821046674e+00
2.512279070926195068e+00
2.514035566537204502e+00
1.735672249548252832e+00
2.518093783258641416e+00
1.968846876124259460e+00
2.030318613894582569e+00
1.256029835243735571e+00
1.501296096842196226e+00
2.454076713943991184e+00
2.483171480363271399e+00
1.711350529790373720e+00
1.698361555838004966e+00
2.012895702916333907e+00
2.404836119678582129e+00
2.209883179778163953e+00
3.050309271870118799e+00
2.486549667414411857e+00
2.406696218568573631e+00
2.070887500218768995e+00
2.977314492604330454e+00
2.314174853082145322e+00
3.030200929046070080e+00
1.278819774781798646e+00
2.030194498493004041e+00
1.882858708743859077e+00
1.672435365609505675e+00
1.250933048999544939e+00
3.112201982398053790e+00
2.882126859548848063e+00
2.217724615432326019e+00
1.480223103673974583e+00
2.228142247552642896e+00
1.765859748062106993e+00
1.348088034987423578e+00
1.406514886615765070e+00
2.441073137903225110e+00
2.395310881265720226e+00
1.812063547204327829e+00
2.103434333921510913e+00
2.461367649342801833e+00
1.929152284984066767e+00
2.214224735234416652e+00
2.520291995763585646e+00
2.940763915749731616e+00
1.779595097344034205e+00
1.543930808106378505e+00
2.808322920714060533e+00
2.559525532323323027e+00
2.609577400535146197e+00
3.154513322230839467e+00
1.771649456459104321e+00
1.323200049190235816e+00
2.570445248966715113e+00
1.646798363972820756e+00
3.131366373145911375e+00
2.433419394728397300e+00
1.524448690233936032e+00
1.999927609255172989e+00
3.119282398851597637e+00
2.004139098950012077e+00
2.867706748822148377e+00
1.653022790359441885e+00
2.339502075255050162e+00
1.431088154981989824e+00
2.357772360338132422e+00
3.002253076042202373e+00
2.129201562544021265e+00
2.014780838058926271e+00
2.907454199480101309e+00
2.024047238886593547e+00
2.345680513065847794e+00
2.419499674456918825e+00
1.430654890052953432e+00
2.773318533884718828e+00
2.965721077336888722e+00
3.175329913046661012e+00
2.292959062049720664e+00
2.736515968702195600e+00
1.608424751025220312e+00
1.988491205445721777e+00
1.320812036576748172e+00
2.000342547265754778e+00
1.641711101011092522e+00
1.650589883065969543e+00
2.341792669201805843e+00
1.308485323483180585e+00
1.854608150083654872e+00
2.278267954419171293e+00
2.807035817575707970e+00
3.077353782161867723e+00
1.910787879790872612e+00
2.397321763690069663e+00
2.776357006879093259e+00
1.388605920319614162e+00
2.241505207637498387e+00
2.672628764682232205e+00
2.452398490087481786e+00
2.909446322799467577e+00
1.946264813163310015e+00
2.981984244852483368e+00
1.473655480119683947e+00
2.499740605330849963e+00
1.225929165972004409e+00
1.685287452047746326e+00
1.840757346011051565e+00
2.572824918789792914e+00
2.082894836053751142e+00
2.419426527985095721e+00
1.508971955284298616e+00
2.361170210291313243e+00
1.619645502221061406e+00
2.870542549451105874e+00
1.350609331572759864e+00
1.436392999204181731e+00
2.375334600218502068e+00
2.477519797030673043e+00
1.518652951966976916e+00
2.125544002320955084e+00
1.869187463460117771e+00
2.615044808382281705e+00
2.176403321663936907e+00
1.525306565796243019e+00
