5.965409431774536531e-01
8.827366511708680807e-01
7.642326009070280479e-01
4.363879821908365209e-01
9.243455151513283452e-01
9.406082099053755252e-01
8.754133876408806136e-01
5.553108526391689059e-01
7.615210792666854411e-01
7.616319176120264212e-01
9.164462283482821547e-01
5.086107798356908072e-01
7.381084085557002572e-01
9.557197334117005783e-01
7.438802272856599451e-01
4.295673504290791755e-01
2.736916770458400761e-01
6.836519200541328889e-01
3.975999371942857130e-01
2.949994464246625259e-01
8.796301143388473021e-01
3.204999615178936168e-01
9.396676164615233029e-01
6.379337765466011057e-01
7.117726303755204098e-01
8.175300774448728269e-01
4.512538568225251123e-01
2.711182895335461640e-01
6.196368908520205609e-01
5.474396855572163378e-01
7.170894254071024099e-01
9.377327803376385162e-01
6.436581753907805181e-01
2.530228766046526689e-01
9.968494457447276691e-01
7.504853533207979099e-01
4.591698050827063837e-01
7.306962604119243698e-01
8.269105099603896170e-01
9.300233439027241200e-01
9.670805334639779316e-01
6.577447614747005122e-01
9.487057085551506841e-01
5.684492839053201241e-01
7.752090820688755102e-01
3.858571317956743241e-01
7.934645660976401560e-01
4.918172457028469613e-01
3.471578228309447622e-01
4.996636719417316130e-01
4.224285662704803102e-01
3.983887412185286303e-01
8.620087866842075508e-01
4.026260387413068131e-01
3.031490467462967797e-01
5.043693256876919939e-01
9.294507489561081304e-01
8.746242945465165786e-01
5.539484375845096231e-01
9.877439844679417602e-01
8.934483854026067373e-01
7.188506292387939478e-01
5.435926679900916492e-01
8.560151263846480507e-01
5.271734687741893577e-01
6.559076416921834074e-01
2.503585600160460611e-01
7.230333310263243884e-01
4.166591979650630106e-01
7.616172957782342268e-01
5.489452925996590738e-01
8.553343721996857774e-01
8.096479946971056885e-01
9.530609641105226570e-01
2.650932258838412658e-01
4.630297951349643393e-01
8.582598452158837210e-01
6.104892727737317726e-01
4.944417157519789274e-01
9.519776147249559006e-01
4.650457869424169943e-01
3.763601625327430145e-01
3.244031494901795654e-01
7.941563146972635545e-01
7.222369372214185734e-01
4.276442834042237795e-01
9.680997988310854341e-01
8.869838543601222813e-01
9.689432094249567085e-01
8.865991716377492615e-01
3.148663214765277663e-01
3.342899956203498335e-01
9.017308192258522981e-01
7.823320651518610447e-01
7.241510030559948907e-01
4.937187173694197462e-01
9.841220009764879428e-01
7.056233137506777719e-01
3.217367776555709602e-01
4.528616336389358898e-01
9.973423066119225799e-01
8.961912963650688901e-01
9.038235119787134675e-01
4.142873744695644289e-01
2.566320281206360687e-01
5.793247499419421631e-01
3.066950150269174280e-01
9.242696302210414716e-01
6.802054587729211566e-01
7.049232825818342318e-01
5.390179797709003795e-01
9.932782916010209906e-01
4.361834125036446186e-01
5.430743877334861525e-01
7.543686530717981231e-01
7.770972797608762805e-01
8.593511554516918283e-01
5.201860814156176183e-01
9.720614743049220685e-01
5.012803984848920313e-01
7.856008900018605079e-01
6.082465885523209437e-01
6.932461544664849651e-01
5.307105855569748121e-01
7.362154895076692407e-01
5.419127836331365522e-01
2.850462474476788688e-01
5.520489020556312854e-01
3.911320764875496070e-01
9.834637987219715383e-01
5.961171953479863506e-01
7.302282999388350904e-01
5.042793405362485659e-01
6.498801002013311345e-01
8.561817367656774369e-01
4.393200440969941556e-01
6.635935601382931814e-01
5.445433065740210576e-01
9.506322932806883230e-01
9.317865646759070364e-01
5.377010890245849106e-01
9.684929076670859560e-01
5.678207515918850534e-01
5.990799263066243219e-01
6.041963641505677662e-01
7.005994348021803431e-01
4.573704872586968895e-01
4.020448598702590082e-01
6.436183061844036324e-01
9.903138861533165027e-01
8.960357787936016338e-01
3.278150733531112193e-01
8.742400770857370329e-01
7.001600019005680409e-01
8.939238236660932424e-01
6.238709598323797234e-01
8.477220092991388789e-01
8.320942486439374397e-01
9.779331609107084766e-01
5.969857649030836377e-01
5.275722268958619177e-01
4.010279996373866118e-01
4.039614830646665045e-01
9.642636424787769389e-01
6.249393203993640622e-01
9.066358240634806442e-01
5.002102400043608732e-01
9.572685699623016964e-01
8.830341749803917173e-01
8.019395902776150775e-01
8.370895876836927929e-01
6.204737112120614073e-01
5.228579505260479987e-01
4.943829388583319551e-01
3.472126831012126713e-01
6.754934501033156291e-01
8.546295782573600786e-01
8.855901570916476784e-01
3.378452336633168684e-01
2.665741193671137821e-01
5.409033854163056709e-01
8.547210488181846699e-01
9.506783419236614074e-01
7.009524576639197813e-01
4.710099131767549463e-01
6.066094636970433829e-01
7.623925579443980860e-01
8.274634039976489497e-01
2.751618431247678798e-01
7.436116922029504250e-01
4.061102544762467681e-01
4.673960562646561900e-01
3.947947542547449173e-01
7.710674254450796683e-01
2.684965918229478832e-01
7.058089991068012825e-01
4.358281584293718924e-01
2.861046730491580425e-01
6.297469001603119843e-01
3.766184739885770627e-01
3.551750267218561352e-01
6.633369402231010792e-01
7.122532427279005818e-01
6.987019469373579872e-01
6.749474226012536215e-01
4.931018179744528496e-01
5.014829659684937324e-01
5.635291156259573109e-01
6.863974925648324010e-01
6.849657352764260132e-01
7.152154236897491080e-01
8.746599079293860823e-01
3.305993398077929912e-01
8.541003688393384863e-01
8.500080183807374734e-01
9.351526217031829180e-01
9.812670115335486720e-01
7.001864239334252282e-01
4.778614924646755746e-01
7.218582513120629374e-01
5.637457537971281019e-01
3.507234072175770545e-01
8.095407356818823397e-01
6.430253994675565465e-01
8.067487124317110903e-01
7.074558762807432455e-01
5.063347053895344008e-01
6.797188367053670355e-01
2.869319819920901349e-01
2.625717024457633331e-01
7.395153641361921215e-01
6.846405450257135872e-01
8.069127143621849241e-01
5.085526103974117307e-01
5.566308153678235504e-01
8.887194048565565385e-01
5.408034763609851359e-01
6.813343062112020565e-01
9.383404420462986284e-01
2.763484428920165437e-01
8.157851600863295083e-01
5.676834949852568313e-01
6.093621561860647073e-01
3.577999920869158745e-01
6.577415393606100835e-01
6.918547487017302489e-01
7.915449978626778460e-01
2.946067521114950627e-01
4.761221487055752877e-01
6.606249679269802222e-01
3.123669313402764880e-01
9.701497711472223395e-01
5.024702190508499866e-01
5.995023693586918334e-01
4.451794850768706069e-01
3.632703813897157352e-01
3.341901396220001708e-01
6.836469244200983342e-01
3.237186321725817884e-01
5.188214046984542804e-01
2.791198798558514049e-01
8.258379284515732222e-01
5.467730309706442249e-01
5.376230038865056349e-01
9.911897256829633740e-01
3.177404374006009835e-01
6.055704270815186474e-01
7.720535810973995217e-01
8.305127922660017203e-01
4.394699076703439955e-01
8.367611580155396300e-01
9.280979418428479955e-01
2.566619543565123451e-01
2.732453684305695130e-01
4.075765905784856646e-01
4.674933624194503867e-01
3.077669214261503638e-01
6.172710352663729472e-01
8.361731898345896585e-01
9.058243126219986951e-01
6.264661982935711970e-01
9.682390878082003383e-01
4.887979640761639932e-01
4.095692639217958786e-01
5.292471264306589651e-01
8.879421498950929026e-01
5.929143215243557474e-01
7.830637201450849627e-01
7.228386052948223561e-01
4.236560428384441024e-01
9.763576068796482321e-01
3.095711184759422641e-01
3.654275505354875331e-01
3.604076740845288951e-01
4.070708448006911118e-01
5.434845927535169041e-01
5.028211126818427079e-01
3.438863216996611016e-01
7.133346097700224986e-01
3.473670309566874725e-01
3.258664153441669376e-01
4.148983715094885505e-01
6.052030079285992681e-01
3.131791473248844992e-01
5.853039992038727712e-01
5.230123106133063304e-01
4.867653378377628792e-01
5.093264164687163476e-01
6.343951294918510619e-01
8.467825286078745073e-01
3.084570935894698218e-01
4.132712103629163081e-01
9.851583556232140770e-01
5.328132307579682703e-01
7.845355439940202569e-01
5.154716398074549177e-01
5.756371967254158006e-01
3.183823579632941714e-01
6.331071163517860700e-01
3.293617736463232970e-01
6.609479481694899849e-01
2.619961533772362516e-01
7.410198495843690614e-01
6.409983167180449692e-01
3.038106600868396567e-01
9.005349291399655787e-01
7.537327308610234367e-01
5.636928059062471519e-01
5.259594757739731730e-01
5.273012029978285664e-01
8.521508053420597806e-01
3.877711389776776763e-01
4.247792037044469948e-01
4.652077170919212690e-01
5.452078783384025629e-01
8.869359117037074469e-01
9.227041965876436880e-01
3.011544513643527043e-01
5.911383847180745610e-01
3.708320249193570173e-01
9.468778758702667275e-01
2.518130773770109188e-01
9.850358989531878828e-01
4.783879860182387311e-01
4.282659631909243036e-01
3.674649376344037432e-01
5.529329971533091248e-01
5.465075460016263209e-01
8.785202095154284185e-01
9.584637634577445331e-01
5.173027368024084582e-01
2.944244208525867434e-01
6.489867883233164658e-01
7.025236328314616863e-01
6.560396605180898177e-01
6.281113525498824846e-01
7.208355417091752981e-01
5.896043998249085316e-01
9.231964561477118414e-01
7.065240731857321821e-01
9.628239385192997046e-01
9.732793552201320919e-01
8.104576542590793409e-01
7.296433375269383292e-01
5.587536696929229496e-01
9.815253329292781270e-01
9.038613934147752271e-01
3.942041576479988207e-01
2.873669618666667147e-01
3.850455704952571723e-01
4.637499868126059854e-01
8.958102363355087139e-01
3.476151846837451931e-01
4.958346028619331491e-01
7.077262479510914028e-01
8.309900734810905520e-01
4.410056674910721730e-01
9.737137058329865535e-01
7.027872985537122474e-01
8.399559065066878327e-01
8.817779869537172299e-01
9.682459605183167950e-01
7.646340280726291461e-01
4.001769106217057392e-01
3.761875537602165642e-01
7.295128419276113441e-01
2.940858831987639421e-01
6.345859887311244840e-01
4.241817981730661713e-01
8.834327223630751291e-01
2.640949047070118016e-01
8.690204598848650930e-01
9.111342821114269963e-01
8.726360451972901000e-01
6.851027707897668906e-01
8.565037055317693548e-01
8.719145901828321277e-01
5.260767198021721880e-01
3.764844777294935607e-01
3.620275990662977783e-01
3.777597738326636811e-01
7.716260082585835178e-01
6.277161327785972800e-01
5.703490626211537018e-01
2.773552128375398329e-01
9.990323567872686494e-01
7.357589233786425709e-01
8.563112426315223624e-01
8.394677315321439348e-01
9.614953787806300722e-01
8.492585338429845532e-01
8.295161121534976312e-01
8.959403259436543587e-01
8.276427929143798101e-01
5.171311142879295719e-01
5.455754213785134477e-01
6.783465590532254952e-01
4.930557523436582823e-01
8.861955910149541538e-01
3.408044700499307522e-01
7.236389125825717361e-01
9.644292551841483485e-01
5.235326640796522657e-01
2.500148322588171546e-01
6.519443049620898822e-01
9.090450441310028440e-01
3.136805945566802922e-01
3.290857465600915410e-01
4.639595277506010640e-01
4.940442445659236070e-01
4.095931928596395766e-01
5.123190339024142892e-01
2.761703532547001294e-01
4.353879502706739513e-01
5.618265813633944727e-01
3.958950589343310233e-01
7.079957579191457073e-01
6.014221744504637535e-01
9.232428529419255403e-01
3.334072827974116082e-01
3.502382611903416820e-01
4.971922316812126263e-01
5.426022823703809950e-01
3.671626133096204669e-01
9.391618055941970411e-01
6.170575284294169682e-01
6.603249094671943542e-01
8.033852100795672024e-01
7.303283500731372335e-01
8.472474108512824120e-01
7.110656535681001422e-01
2.605923536297488075e-01
4.968966180355546269e-01
9.088494798426334231e-01
9.053327654363653165e-01
3.170597156155746110e-01
3.553175842163388554e-01
3.531023103397863960e-01
8.844684326514856698e-01
5.702080944683362018e-01
5.294078413273776151e-01
9.181097851310184854e-01
9.547432396499365703e-01
4.052324992335992748e-01
5.513176665322441217e-01
6.536475040518375801e-01
3.476290933988361864e-01
4.936066330594841567e-01
7.180269081172906409e-01
5.979901052305096609e-01
7.780441768683460380e-01
5.086324515907292287e-01
8.138432798506207710e-01
6.031936581659530505e-01
7.475694308458670223e-01
9.673601822629729341e-01
7.987552010082520360e-01
2.659412347048885072e-01
5.738462227611480504e-01
5.011869358761926740e-01
9.121269397375272314e-01
8.694061582661377630e-01
2.994852532999887629e-01
4.285423156651330667e-01
2.724770583786947364e-01
7.588517495401178037e-01
7.082846932803976703e-01
6.615094341953010604e-01
7.633259875002750272e-01
9.601326222679384959e-01
5.421067297310072641e-01
4.495705730801768385e-01
7.033104008294079890e-01
4.501271073652602372e-01
4.596626280753409177e-01
3.902707369161607653e-01
8.892685309953969330e-01
9.031432292271942552e-01
9.347601739102043839e-01
8.386092479418549850e-01
9.270788375003443660e-01
4.815258267091592770e-01
7.490059876900634350e-01
6.558723104829461414e-01
6.292611036360304944e-01
9.451091902289219249e-01
3.224058656224076946e-01
2.726948114406709256e-01
5.174112493702597293e-01
6.453173928137395654e-01
4.060209758415485037e-01
8.491901751859157743e-01
3.900413752229531239e-01
7.853950481969703690e-01
7.884464001057563953e-01
6.889306693500396594e-01
4.769275769085648542e-01
7.579338760493733451e-01
6.761756644018152018e-01
6.927087930708949459e-01
8.611911793086461930e-01
4.820424199467478465e-01
6.956321882415493763e-01
9.267856221888280954e-01
9.558918873034268904e-01
4.615527364093780505e-01
6.480218093146574709e-01
6.468501801569522813e-01
3.877353942033952006e-01
4.787059753720785404e-01
6.869984672346022281e-01
2.877206148353541049e-01
9.360784972977260754e-01
4.225899236815351401e-01
9.975206235312980008e-01
4.240340657834260618e-01
9.568903474813797994e-01
2.696366662749322129e-01
8.294959944381858907e-01
8.856235838091309764e-01
2.630007903444220863e-01
3.380089956274517915e-01
2.522505225933144302e-01
6.094457100702670438e-01
6.859934311400666118e-01
7.844612919991145183e-01
8.688115883752491886e-01
3.986316377647337594e-01
8.614612806980929127e-01
9.035313509332273396e-01
4.208868661363480701e-01
8.657425277116048701e-01
5.836846093656854473e-01
5.030926834970466111e-01
6.751239409252410839e-01
3.863085245959632097e-01
9.620079562237958681e-01
9.433891925767201592e-01
2.502990173688217079e-01
2.828769637125643222e-01
3.625747960407920134e-01
3.389609497497984014e-01
6.612776497512693474e-01
9.105258617788382081e-01
8.159948257100313462e-01
9.386446914659590801e-01
7.662430420744554826e-01
9.761845999285390096e-01
2.742931461927308745e-01
3.981616806228431282e-01
7.053461082658782910e-01
9.922346787717722938e-01
4.445614581237367635e-01
8.589120130887172300e-01
7.928816474108958401e-01
9.443553817511758375e-01
4.651583933961377926e-01
4.364118263320189151e-01
9.479012566085129876e-01
6.314262234746655933e-01
9.361855107050295333e-01
8.402510660692059652e-01
3.841505102369212610e-01
8.503029959935629600e-01
7.520623393252457989e-01
8.164712867202190694e-01
4.604052890303730883e-01
7.149564729894574144e-01
4.443364352513015647e-01
2.726695187643287666e-01
3.082723911652060500e-01
9.284006436487926006e-01
5.590812161605407393e-01
7.951189487366666642e-01
8.342456378186846599e-01
5.596693498564805358e-01
9.386102054792018201e-01
4.534905631845085883e-01
7.991730634041710468e-01
8.047206376145095152e-01
5.501619407090523328e-01
4.689549253254467476e-01
8.690238447084349671e-01
4.489691446782888562e-01
3.564559685263264388e-01
5.863602326219092831e-01
2.847746917534997313e-01
9.535585918285528484e-01
3.705926546961621493e-01
5.398344119119835582e-01
3.825140725912632989e-01
6.131684309635180297e-01
4.047177710574948462e-01
8.270246576276523154e-01
3.578846723595563994e-01
8.022573666188332897e-01
7.154172611748477184e-01
9.147960524775489155e-01
5.562791862619986816e-01
3.839191140391791102e-01
4.255918042092938780e-01
3.098048169976305721e-01
6.360025095193472255e-01
6.572960153948111950e-01
6.046878371764082827e-01
6.582316294381841404e-01
3.266809179562255583e-01
4.542246075341763167e-01
7.580893983336471909e-01
3.248568807865855890e-01
2.533206782446194572e-01
7.915641813882050570e-01
8.560155364806406597e-01
4.891442549828353137e-01
5.481206325194192264e-01
7.398853811454686458e-01
4.776489919220991975e-01
6.170501335828485479e-01
8.578982195346098738e-01
7.073032553133467015e-01
7.011085605893612183e-01
5.520248033186612169e-01
9.208563637972041471e-01
6.324488306492572764e-01
7.011015505848403606e-01
5.272630395174169315e-01
6.572815607583886166e-01
5.079544668240077998e-01
5.684154215877711414e-01
6.488829835544515090e-01
8.969002629665575599e-01
5.434958732277304083e-01
6.659711227195803662e-01
3.559969062504538262e-01
5.482241892116871407e-01
9.007059052045206515e-01
7.481792959949918886e-01
5.823949606619518438e-01
3.513478028850808843e-01
4.875114031869043907e-01
7.148162248625555826e-01
7.981367292797014734e-01
5.741600910980201311e-01
7.648894313302690984e-01
8.582139123399896707e-01
7.718011650289290371e-01
6.220993497504541114e-01
5.718643870921656935e-01
9.868059145106626850e-01
4.282660890898994932e-01
8.998899596193910000e-01
9.300479674483957959e-01
4.523509934304916769e-01
4.862511408128893931e-01
8.853881273418091613e-01
5.052840292287527069e-01
4.167910958612561778e-01
8.207193334095232995e-01
4.395754259612982273e-01
2.928688627429738567e-01
8.583693839226812505e-01
8.071417684724793151e-01
9.993934540312664483e-01
5.297512026079936875e-01
6.368070292986501846e-01
6.682401722043047609e-01
5.699166673570995600e-01
6.483538153710494134e-01
8.759244457795194450e-01
6.719961123554818450e-01
6.752656278776016929e-01
4.608171823792522326e-01
2.869397904828470125e-01
9.487033558281767753e-01
8.182682212877810946e-01
7.971672707457171381e-01
7.126453039195120853e-01
8.046953487861456811e-01
9.795073340903813763e-01
3.888908926396816845e-01
6.602956808852920023e-01
9.873519693601718883e-01
9.271050027150351536e-01
8.318634811292597853e-01
2.931817230612488445e-01
5.847818902357320159e-01
3.151758201134731152e-01
8.828806992812716636e-01
2.941859065149483587e-01
8.744434821784207168e-01
3.847228208741917954e-01
6.756222963956800553e-01
8.026439110895965401e-01
3.840889313272271566e-01
7.433677032751112579e-01
3.215485662468505756e-01
6.830763384757910783e-01
8.785658903357316252e-01
5.048799020104007829e-01
7.919903019580036840e-01
2.843573250309569533e-01
2.519664456865741142e-01
9.914340074619284460e-01
7.081884201112573773e-01
3.779279573286935534e-01
9.468086304155416411e-01
8.998632212774994033e-01
3.583059194726915808e-01
5.774701754371066587e-01
6.737018547705335703e-01
6.559501282323821902e-01
7.609111242190271795e-01
8.538369317322375140e-01
4.942331265126891360e-01
9.481532936472043538e-01
6.944745177293470961e-01
3.698858451847637507e-01
5.560591213905902164e-01
8.352723528839897105e-01
2.827885281740304402e-01
3.242738736016009815e-01
8.261592283801181269e-01
5.821377032783116023e-01
9.985798538142411918e-01
4.907733827038885388e-01
2.859738278508637821e-01
3.146472325474171661e-01
6.101766943986135505e-01
3.614315048815396336e-01
9.315358015163008876e-01
2.604318456212152966e-01
6.961023453652303017e-01
6.011783047497747390e-01
5.293163817379636926e-01
6.826490091810553107e-01
2.509341936158496766e-01
9.344684545338869386e-01
4.654549356071351340e-01
3.117269535279142967e-01
3.480224358752459501e-01
8.163801928962296506e-01
5.764938037406783788e-01
5.547662082572328845e-01
4.630403392599815038e-01
9.719144495734497458e-01
3.552905435719111438e-01
3.771145990652722269e-01
5.394314447044924465e-01
4.265032914048120238e-01
7.939816478955881163e-01
4.245346528350530946e-01
9.971502139879481197e-01
8.900870149493017580e-01
5.390080943647368450e-01
6.184906974621408038e-01
4.298038451093147971e-01
8.735273008502690839e-01
5.019445069096442058e-01
4.606417959248838567e-01
4.354445858633297917e-01
5.724493353605585311e-01
9.275763998623101081e-01
9.370238365109310186e-01
9.704553644503984833e-01
3.014277773929344151e-01
9.515515405688380612e-01
5.427965458454143688e-01
4.028815015040248526e-01
9.860257240121760303e-01
3.227669364927974738e-01
6.138729858809310880e-01
6.330192147980920891e-01
7.141314143816260840e-01
6.339576725446571803e-01
5.142460734535631017e-01
5.056322042128152949e-01
5.814330389693909140e-01
4.493564244918810680e-01
6.478796044993152536e-01
7.745842313743642737e-01
8.646563956806115891e-01
8.211913916473887465e-01
5.060554435509695415e-01
6.581540227697199041e-01
5.177537873081552444e-01
6.723614055558881919e-01
9.663680847590471190e-01
4.802734824437740468e-01
5.862865453528046666e-01
2.993071945143974122e-01
2.765160691580672014e-01
4.604352519972836344e-01
4.008628922776373837e-01
4.280587307612261361e-01
8.552349644184952249e-01
6.042575371607856738e-01
3.345805059131024550e-01
2.821492508915319219e-01
4.875390191464094025e-01
9.468803798062929156e-01
7.013570975328182744e-01
9.944701589350088966e-01
6.948631052390719098e-01
6.173788773288447773e-01
8.431681518684268628e-01
9.891042660830838829e-01
4.085735456981589575e-01
9.975761377654019935e-01
9.246175834778774805e-01
9.665698870100374318e-01
6.661958850533499232e-01
7.076654389544458912e-01
5.484815097201500844e-01
7.971419134769023307e-01
7.967008073360416498e-01
9.597643704419126509e-01
6.095187530844545787e-01
2.557621937437191684e-01
9.671104218081326698e-01
7.694212064469795331e-01
4.215906442731869874e-01
7.626263205120611399e-01
5.109838940931848983e-01
8.557873460978110414e-01
7.990130105906657620e-01
5.276992767542035834e-01
5.626731228557551034e-01
8.638549765043989082e-01
9.267053677579026871e-01
4.324899186747612756e-01
9.362340938553076475e-01
7.553896730096500978e-01
3.800573199728816132e-01
3.541286688219520973e-01
7.779927084128928083e-01
5.459648574582496305e-01
2.766124884121810013e-01
2.837310663747573680e-01
3.362577943514736822e-01
6.306419462682555377e-01
5.479032731909978526e-01
6.971875382507746188e-01
5.955675417823294016e-01
8.948200051890369267e-01
4.413459065524372726e-01
4.039195023709787891e-01
9.921166534392051872e-01
4.634780164975322303e-01
5.064791365553947822e-01
8.171433002773973442e-01
5.953833736024509715e-01
5.906664336460755171e-01
7.812517860704988326e-01
7.218057100864553322e-01
3.365553214929388193e-01
6.570371047855906310e-01
6.377046136396380405e-01
6.137467685833920550e-01
4.094047024717918926e-01
6.232676868694581040e-01
6.218847034889365410e-01
9.501034701144313033e-01
8.355121923046057164e-01
2.976392990546992134e-01
6.216462865508145530e-01
3.625742143697981423e-01
7.401078685066012630e-01
3.627679800013536293e-01
3.583515562127502774e-01
2.544982357524600003e-01
7.909352019395023969e-01
7.946389215522143834e-01
8.148856001617348355e-01
3.447184654871308651e-01
4.985559178983096085e-01
4.293917264065392758e-01
7.552786602778418512e-01
6.410714659267756632e-01
8.686994140898685046e-01
4.087581153648609522e-01
5.554527152646325794e-01
9.956612771757239466e-01
3.924473578054949452e-01
8.555259228867170274e-01
6.486916200495976836e-01
5.633894523053554204e-01
8.363268900831956065e-01
3.449092226756082513e-01
9.154998472416366884e-01
5.459486688496165696e-01
6.024154492891230506e-01
7.312316793973272500e-01
8.539010524778773981e-01
2.799781472322269704e-01
4.827993980607141467e-01
3.691239631583634884e-01
3.309908394491475336e-01
4.031693079666241464e-01
2.639977414787207377e-01
2.571485952476904036e-01
6.344870927524739468e-01
9.477693466974557168e-01
2.725639053478796647e-01
6.508808113902542214e-01
3.514279013253270301e-01
7.856778644966160297e-01
3.596441279560026461e-01
8.848106381755961314e-01
7.452122514783889873e-01
4.542692205680738393e-01
2.951671613605051370e-01
3.339272095781615213e-01
9.875561996910166007e-01
6.617623217800991942e-01
6.244205174414044768e-01
4.679216896727285135e-01
9.100001181581908183e-01
3.700894341343500260e-01
8.252719974446589557e-01
9.592642103842896617e-01
4.522390109256519963e-01
7.033487577852914896e-01
6.338501781622515319e-01
6.320767430875519066e-01
4.487051212004203316e-01
7.404596218873212843e-01
6.487701408700976557e-01
5.365510119715721782e-01
6.479032880624832069e-01
6.391185762318155605e-01
9.691579531694411997e-01
7.336851818132602565e-01
4.629242328628090375e-01
9.804238502718323200e-01
8.397326392746726764e-01
5.877140486711307510e-01
5.104275587511615253e-01
3.330867091256538015e-01
6.403444300528683408e-01
9.879657713450465950e-01
3.422909996389441600e-01
3.614857368412260907e-01
5.217098902479929690e-01
3.830250444992446823e-01
4.834314870759051641e-01
4.727095516721594448e-01
7.593775280508089365e-01
2.841035081004216201e-01
6.796701256157050564e-01
8.180006922944620396e-01
3.091698703308782270e-01
2.764882940552133017e-01
6.817289677963176420e-01
3.633444903242010193e-01
4.822672535485276191e-01
3.687375852943060583e-01
5.411780417198521764e-01
8.228311256176552568e-01
9.733668997699902459e-01
9.587567638467029418e-01
7.745160414557241690e-01
8.750392130822609582e-01
5.247132519211082924e-01
9.328589635088460064e-01
2.792761787803680895e-01
7.868208041317193979e-01
5.792662181761006890e-01
6.795920586970811694e-01
7.960289505179853897e-01
5.040991635625964307e-01
7.929396116332940725e-01
8.983441953529739399e-01
7.598204771686843939e-01
6.183575905977900522e-01
4.226759344340971225e-01
6.718873851172655343e-01
5.206097043882603748e-01
4.088433754930517749e-01
3.809300060596882420e-01
4.652409376334348257e-01
