5.479702298897239032e+00
4.841015519666340694e+00
4.112739371300627944e+00
5.756335576175318103e+00
4.626662431255907926e+00
4.755388583133328240e+00
5.123566682977434006e+00
5.727639315287382793e+00
6.519457385458802712e+00
5.287031739013230869e+00
6.529672455054441826e+00
6.527677806924975457e+00
4.715874688658788116e+00
4.238140427659740972e+00
4.487542954512951709e+00
6.192716538773860080e+00
5.626867359271399138e+00
6.362167943541358284e+00
6.482997335823563745e+00
5.758207799502584656e+00
5.470178190215832181e+00
4.223512579792362942e+00
4.093304872550760365e+00
6.109498214239994951e+00
5.799787355166089675e+00
6.012430794459194594e+00
5.544684796780794400e+00
5.804334787814135588e+00
5.720829772550896308e+00
6.312502592257864364e+00
4.351091484227172401e+00
5.369378241082085168e+00
4.894149881139197689e+00
6.164254561090589668e+00
6.271978279740347162e+00
4.741215138157969022e+00
4.260531115993735796e+00
4.717361898323598091e+00
4.908487362825050937e+00
6.027704528071588186e+00
5.155668657562872070e+00
5.982116817293499977e+00
4.872304413513193211e+00
5.441953807475242044e+00
4.561380606027474194e+00
5.736708032161022430e+00
5.415672508451101486e+00
6.239577203208662048e+00
6.430823481817621534e+00
5.432762812860675083e+00
4.225336473495199030e+00
6.406094077387033181e+00
6.422833787205361133e+00
5.318954914735311235e+00
5.347447333178264373e+00
6.395609927966300567e+00
4.745644552648737857e+00
4.750858230467875920e+00
5.854603474567426247e+00
5.806895922464802240e+00
5.833033405811040240e+00
6.161226582801311302e+00
5.413974485455472774e+00
5.182261593416178869e+00
4.669129662460267838e+00
4.635799311164348069e+00
5.053026676523467486e+00
5.211751201014845236e+00
5.958336648347866138e+00
5.676117699885087298e+00
5.409804574520622467e+00
5.079687278026770336e+00
5.689097247189417672e+00
5.085161769750953908e+00
6.091234881176513127e+00
5.732963081313313225e+00
5.853402155847065913e+00
5.061752339315019000e+00
5.427522946322379305e+00
5.915506720432640364e+00
6.448920221439268019e+00
5.454348624888385899e+00
4.924772981482840706e+00
5.840606007624748131e+00
4.373354641617772209e+00
4.961134296239221086e+00
4.120650977909941837e+00
5.513314565677003287e+00
4.746091138734051640e+00
5.109586602882775885e+00
6.068837227940695023e+00
5.712903668850472627e+00
4.133320046590251096e+00
5.239653426349297760e+00
4.042985629929835234e+00
6.150280247237220443e+00
5.374447500851875503e+00
6.211950226645799766e+00
4.775246127847090349e+00
6.149995019971274957e+00
4.427498284828865316e+00
6.250287304643749486e+00
5.104270681888912975e+00
4.239913374333365681e+00
6.356972746213898517e+00
6.181003104175665008e+00
4.581482509931541713e+00
5.573373909399061077e+00
5.323961933829101767e+00
4.439266453567662474e+00
5.195412274749377168e+00
6.484277820068199638e+00
5.081039401262602340e+00
6.002826366223234622e+00
6.006113580528611884e+00
6.026914894581523185e+00
5.657419110515767180e+00
6.328406523207368295e+00
4.980950672909626675e+00
5.329882640981490560e+00
5.251744704742473679e+00
4.319975796537044666e+00
5.356015842878830036e+00
6.010949077329322598e+00
5.565320067048843633e+00
4.536391228932648900e+00
4.715933733382135173e+00
5.343497961893193704e+00
4.333785695204297461e+00
4.600931717160094081e+00
5.957388874734617090e+00
4.336163528031236503e+00
4.358599948558271819e+00
4.484188069727808923e+00
5.427072547406197600e+00
4.086775273861346314e+00
5.834286767662454132e+00
5.546347957606548640e+00
6.003870575755376748e+00
6.040603612630853547e+00
5.920981709156703410e+00
5.426448971542403577e+00
4.880576044046779138e+00
5.622563150778234764e+00
4.458758699543770909e+00
4.677200830648944319e+00
5.865684245045718725e+00
5.622311478722070710e+00
4.424638551031094380e+00
5.240297721089651972e+00
5.624325202002575352e+00
4.661129887766048974e+00
5.745564346672493272e+00
4.440915995939843874e+00
4.500812792352126834e+00
5.169170347449491665e+00
4.837435181592381284e+00
5.910798788977968954e+00
5.167716694147441281e+00
4.841895264630748486e+00
6.139756444474937958e+00
6.175694502651683848e+00
6.034460427193939047e+00
4.375385884782195589e+00
4.794955496366969605e+00
4.311888257770388755e+00
5.969501681856749897e+00
5.292683147167361213e+00
4.296952759730728211e+00
6.403268658439378314e+00
4.247105711406179651e+00
4.156817136755075026e+00
6.323672096990395453e+00
5.265133419048085628e+00
6.222502276113923259e+00
5.599970711965322145e+00
4.421650948769894285e+00
5.336015710766587539e+00
6.008702170522022712e+00
4.075404057022613991e+00
6.045164875154696915e+00
5.002855729405562890e+00
5.416754919501749477e+00
4.925752481373190328e+00
6.071019156314428677e+00
5.342430744345323390e+00
5.262289892171741812e+00
4.209750026778915633e+00
5.931424519932821049e+00
4.525215603451994362e+00
5.637630939266653485e+00
4.037909060573311670e+00
4.340474481269247065e+00
5.693661820433686849e+00
4.825450391743037137e+00
5.618460210208357175e+00
5.846043490918137131e+00
5.012406878510127228e+00
5.466160380790106466e+00
5.103797767949926900e+00
