2.714837083999436373e+01
2.616391122209131836e+01
1.718822007747665381e+01
5.081342613767096950e+00
1.234569186122870121e+01
2.981514038331988914e+01
3.097433997335397926e+00
9.574174465478691332e+00
2.850117323860500562e+01
1.348202267556976253e+01
6.259577169973288058e+00
9.507119497367789052e+00
2.725907534688338174e+01
1.006706431405421576e+01
1.282115379558301171e+01
1.883051511299228409e+01
2.416755210793994380e+01
1.476340757420651428e+01
2.443979503142079679e+00
1.719629829585009162e+01
