1.825158748010945242e+00
2.824997775466771444e+00
1.739722595232661151e+00
2.136276644423859672e+00
1.829224065922433029e+00
3.732519976299451425e+00
1.348049596000640227e+00
3.074392413492871068e+00
7.220584441864251746e-01
1.394547769923120795e+00
3.853629976966443937e+00
3.824841578005437892e+00
3.605596651519695328e+00
6.500830217999860050e-01
5.051321895478904089e-01
1.588109560600980297e+00
2.268969252098614664e+00
3.366287110703273466e+00
9.565280010615893058e-01
2.554821227193188271e+00
5.151946821753005112e-01
3.874410737971261565e+00
2.872043270760427092e+00
2.033381019075466867e+00
2.365594530861631295e+00
1.379640434417851447e+00
1.458365443749700008e+00
3.048391456582794756e+00
3.562923248012358712e+00
1.017606335109388693e+00
3.638094176504927280e+00
3.070162053054033890e+00
1.978992884290981857e+00
5.972827392987526407e-01
3.446750835953396930e+00
3.017969353182993864e+00
4.928027125003702213e-01
2.385500501220870984e+00
1.246335999241629855e+00
2.606813777678686606e+00
2.277171578670477814e+00
5.998383619902983993e-02
7.793851102891656835e-01
2.883224169438431073e+00
1.565481685341710616e+00
1.608431809067775387e+00
2.477752696849316649e+00
1.912076759261208014e+00
2.806329005483411354e+00
3.197027905961616234e+00
1.979315270651716419e-01
1.002689895319199609e+00
5.685171275197372642e-01
5.008096779426932654e-01
3.783868568879272587e+00
2.166710238166479563e+00
1.381224277577588255e+00
7.848682212813291592e-01
1.012361313081365122e+00
8.426371047284362259e-01
3.722099851961101713e+00
3.923257195253026186e+00
1.049287941146277214e+00
7.700117336833809389e-01
1.568263205051493525e+00
1.092382631285753636e+00
3.747468293116425819e+00
2.238082441055228688e+00
4.886432370695292099e-02
1.198939934074342739e+00
2.509181480869356662e+00
3.285995713433733201e+00
2.698534915334202644e+00
2.915550588844792568e+00
3.906290908859051836e+00
2.474375494132472930e+00
3.204988631158447898e+00
3.564746615447123901e+00
2.943486063141133258e+00
2.034316662932921460e+00
1.534789141761595976e+00
8.581848146671756661e-01
3.371360803248279581e+00
1.090468168124237636e+00
2.535493830644479196e+00
2.342558550347728641e+00
4.530699675482509625e-01
3.454136527210604157e+00
9.001129609950137000e-01
1.838991323379484122e+00
3.444367784035629043e+00
1.961823991845010051e-01
8.974773867544608152e-02
4.338246855830634741e-01
2.505009201130919294e+00
2.270974532283038805e+00
5.704669379258890949e-01
2.340967764074248336e+00
3.799895091197828645e+00
1.523895620811577700e+00
