8.038107596330985594e-01
2.416449272696341133e+00
1.175511412776995002e+00
2.348621505239983698e+00
2.485381325478506653e+00
2.360133487212385361e+00
2.359978588258009768e+00
2.997406978865182481e+00
1.087659528638490691e+00
7.228653024214788392e-01
2.543238331546946451e+00
1.810601699577456314e+00
7.180666066560021932e-01
1.708489129565946563e+00
2.211909068342403195e+00
2.503729415900706190e+00
2.209823486216894395e+00
2.965612244653081042e+00
1.985134418279889790e+00
1.548240405369510242e+00
1.432252136946041698e+00
2.319491581685568349e+00
2.266616513595259619e+00
1.417094609976661257e+00
2.153761274114118329e+00
2.307922662386728163e+00
5.894977428727272706e-01
1.199479315114856171e+00
2.671313264391698805e+00
1.667282875898177252e+00
9.536485110251655684e-01
1.037773800118439338e+00
6.189016059279937032e-01
7.154963790596988726e-01
2.926069240901300272e+00
1.787222815211198634e+00
2.459912493909454767e+00
6.919203919244036882e-01
2.655961739633511343e+00
2.658393084837778364e+00
2.916032219170122453e+00
2.662286733900448787e+00
2.542185362155985562e+00
1.789897061411242163e+00
2.305921805879325603e+00
1.942474297506786574e+00
9.605202054531554179e-01
2.508846887372023993e+00
1.386511344131282630e+00
1.397263113864327000e+00
1.179240026496297000e+00
1.068042435660793821e+00
2.183306341560205865e+00
2.066464228988848184e+00
2.164650494053649510e+00
1.509193423182540350e+00
2.365903070156015531e+00
7.321679815317114759e-01
2.137729945726940972e+00
1.614829758742659660e+00
5.844836637137785784e-01
2.374759346566797102e+00
1.807430638619004881e+00
1.899844504638028342e+00
7.300487226698927357e-01
1.263150732023260003e+00
1.548202274532436640e+00
2.561178642393628024e+00
1.599720509700791160e+00
2.599628989847918792e+00
8.903959652081329113e-01
2.077478778375419832e+00
1.499663677894474745e+00
1.918116437800065910e+00
1.746577645355575470e+00
2.346268415569113586e+00
2.094559673904374808e+00
2.288800498847380460e+00
2.156432321948107411e+00
2.438917256944003853e+00
2.781315508589385921e+00
1.023744112493355951e+00
6.137162649350045296e-01
7.664572110848508757e-01
2.040951685958162454e+00
9.288176320462333546e-01
1.058385195026458447e+00
2.287798859220960157e+00
1.616479937910136666e+00
1.829662828345185011e+00
2.728520628657509661e+00
9.127678409382797842e-01
7.952657396410838242e-01
1.490210794529540639e+00
1.708505309984420961e+00
5.770028854092406068e-01
1.533520635089181461e+00
7.578974373490683369e-01
2.219156582814696854e+00
1.587219898386244443e+00
2.963631198757326057e+00
2.581630277164075338e+00
2.644435166194812670e+00
1.225194415016097382e+00
2.735929858801234182e+00
1.695206980984616418e+00
2.406204863046938591e+00
2.084023846745328257e+00
6.090841410196591310e-01
2.113360467329602699e+00
1.824991284579917439e+00
1.154099788866405740e+00
1.373055565130735678e+00
1.975925192099711625e+00
1.535838944163177677e+00
2.672246168536327904e+00
9.422441302270296859e-01
2.379876326171292966e+00
1.826834118381385874e+00
2.113993572687674849e+00
2.733573001697287452e+00
2.978442266757317380e+00
2.291703582628607183e+00
1.199361273937193939e+00
2.776804090694803939e+00
1.821702654508720931e+00
1.013030459131897043e+00
2.393402619862084357e+00
1.934888730876060503e+00
1.158187417944251285e+00
1.408288863053948736e+00
7.937097421650197715e-01
1.111931304030064904e+00
1.669896874662802677e+00
2.366572469513708921e+00
8.878789734171370629e-01
2.436390141057958481e+00
5.022616923262410715e-01
2.430633650419438574e+00
6.684300832034677509e-01
1.505448057544688467e+00
2.102916729696306053e+00
2.605285953452769920e+00
2.776189791722828204e+00
8.899564733013702877e-01
2.826353182554910859e+00
2.377748734011229104e+00
1.836380961739285445e+00
2.196946491128395351e+00
8.708078340481522073e-01
2.712113827318984427e+00
6.278243653316940565e-01
2.244405166534535478e+00
2.674594209219323115e+00
2.280388142465607615e+00
2.441333134339868316e+00
1.573570022496603604e+00
1.311996261575136158e+00
1.619201269617398076e+00
8.935157095505728009e-01
2.635062830466305073e+00
2.959731396777524726e+00
9.130453605911796888e-01
2.967115297431616394e+00
1.707893167449224148e+00
1.725910289392269537e+00
2.331332952081395682e+00
1.460817652440815184e+00
1.309279331362152909e+00
8.450351217753275801e-01
1.488540565802475069e+00
5.163657561417582809e-01
1.002607028490635654e+00
2.441023117972130230e+00
2.237999485082130313e+00
1.144731484525629339e+00
1.623697224422040009e+00
1.606866136462959505e+00
2.439476374943790216e+00
2.412326199023724360e+00
2.123145750357257278e+00
2.848937264714342277e+00
2.325727896215666668e+00
8.955745608379477307e-01
1.905390414456271442e+00
1.321569127658661191e+00
8.693798130027869941e-01
1.836384522898955707e+00
2.300563240016541222e+00
1.891536985012403527e+00
1.815944416445179677e+00
2.260411033391333202e+00
1.830034044929021553e+00
1.766757562603592735e+00
1.720608579663927884e+00
1.244667393467065564e+00
1.115654505687939446e+00
2.079689094632930946e+00
2.499601140664532650e+00
7.833818043013980326e-01
5.529017873025237062e-01
2.137366289084422721e+00
2.253026563657073211e+00
2.940104138821505675e+00
2.573294491309829457e+00
1.747743978610766913e+00
1.353378214569544324e+00
5.003167717563368200e-01
1.801706646023142344e+00
1.425547015801540196e+00
7.860074597189963264e-01
1.265053041241809950e+00
1.043252192014493485e+00
1.623621539332648744e+00
5.705218830783838069e-01
8.694252028189484172e-01
2.428557542750558795e+00
2.457606196548294708e+00
1.657394508863457405e+00
2.481638436329460795e+00
1.063464450848509824e+00
6.976435132653766580e-01
2.776906341888220275e+00
1.834077009513445988e+00
1.640852098451032415e+00
1.902222502542324722e+00
7.957616494682213659e-01
2.061992738272288683e+00
1.574394196154283554e+00
2.111874232604376900e+00
1.080716983332288272e+00
1.857312129647403554e+00
1.088083878261767889e+00
2.156937591006129917e+00
2.618738932972994871e+00
2.301192046698020910e+00
1.664126981141316186e+00
2.448644266494396593e+00
6.507826039789648132e-01
9.825180106259158164e-01
1.074710693800389638e+00
5.754738403854469109e-01
2.696748488348213346e+00
8.638007064195336593e-01
2.564708139714026114e+00
2.765553125591484029e+00
1.456388370554991596e+00
2.227797561522099734e+00
2.544796612693209781e+00
2.297264035412973193e+00
2.389814717974616087e+00
2.525305544919988154e+00
2.178405465088818271e+00
1.323628920888948901e+00
1.230021932940239981e+00
1.406966945206894248e+00
2.727814016955023568e+00
5.096315846471770605e-01
1.948357209088442010e+00
2.337272500446280876e+00
1.112688437474369296e+00
8.954563809827063015e-01
1.385823004021774718e+00
2.776140712797086962e+00
1.805577818785653488e+00
2.126797896710516778e+00
8.405253526289309107e-01
2.891077531333295703e+00
7.877733193090201702e-01
8.342822772149609545e-01
1.451520500802206515e+00
5.469698087216979809e-01
2.821822039547900562e+00
1.499847788773602364e+00
1.165916366031868545e+00
9.860425566353929749e-01
2.788649708508099678e+00
2.700137236234389171e+00
2.090975216518807578e+00
1.480174454651316474e+00
1.977690389451848496e+00
1.266912309433508188e+00
1.915167443188893648e+00
1.163859979497767316e+00
2.983810623109441895e+00
2.659600736828463319e+00
8.541525757969560262e-01
2.309837845609687079e+00
1.824122629178902999e+00
2.081748960678189597e+00
6.358656887907316868e-01
5.881526250283221069e-01
5.969456011081357705e-01
2.141950250686790458e+00
2.284169370562352697e+00
2.590078054418929465e+00
2.678962810331904087e+00
1.546419073951772027e+00
2.212475085815157172e+00
2.678750479400442863e+00
2.112430283529465935e+00
2.722084298120407642e+00
5.417948051542549326e-01
9.848325784949880646e-01
1.713443889911174134e+00
2.200238037496866195e+00
2.236809962491801862e+00
1.576576596183171031e+00
2.275764158647062274e+00
9.234756935721006865e-01
1.467343156904511892e+00
5.818238521094258875e-01
1.396371619313312218e+00
2.358243465073678546e+00
1.188726484239480463e+00
1.649375027443280350e+00
2.045941050142385365e+00
2.821373899098043925e+00
2.871105358687341180e+00
1.294771690810669673e+00
1.364912104297762774e+00
5.988660839867181451e-01
8.340701269925347994e-01
2.251944142293701212e+00
1.219175438857724281e+00
1.517851377358584886e+00
2.002116222891393793e+00
1.841241274307396258e+00
2.501722321418431427e+00
5.017753998802311211e-01
1.698968771024721214e+00
2.405727457182575968e+00
6.136116241380555891e-01
2.440707803599628356e+00
6.257620651309931947e-01
2.017897820027562794e+00
6.689070265640237878e-01
2.372651049993617534e+00
1.924685887235507931e+00
1.081624884610375315e+00
2.957282372257047154e+00
2.511988480477039598e+00
7.175381255577935047e-01
5.359709944579564844e-01
5.584038818038379315e-01
9.296662916634319540e-01
1.588637354238731980e+00
2.388079622554887926e+00
6.759747511636964301e-01
2.537446143966413103e+00
2.595601950141581682e+00
2.327692408100913823e+00
2.603781128874883333e+00
2.544040086825037683e+00
1.829661467306742395e+00
2.061403671348790212e+00
2.872071429457799585e+00
2.739215149708484454e+00
1.319315866930334202e+00
1.923234934732350965e+00
1.611418641979044830e+00
1.535804130192476746e+00
1.140902393834422934e+00
2.124697438284256723e+00
2.326107998127295406e+00
1.437047237985329851e+00
2.811105312304072790e+00
1.466329579570317287e+00
2.438554504537140843e+00
5.070929317927742597e-01
1.520515890603618914e+00
7.471065912614780480e-01
1.120241653423232009e+00
2.262574762692064478e+00
1.581267109162584950e+00
1.603658856431502189e+00
1.633158940193059516e+00
1.946625893477288205e+00
1.290471245332822425e+00
2.635423702458213668e+00
2.047454945118762915e+00
5.014316550229211966e-01
2.974618249425008187e+00
2.272551101835615484e+00
1.007122757556921266e+00
1.582728154475638416e+00
1.021220893233401039e+00
1.872033961389105494e+00
1.634166286949301661e+00
2.085996354839559697e+00
1.309895814262574287e+00
1.222292097153957702e+00
2.237929010802280239e+00
5.925193038419571678e-01
1.726509705355786073e+00
9.345732698449222831e-01
9.758434074283046655e-01
2.126238306846182091e+00
1.995115678249273827e+00
1.880077074200939613e+00
1.397751235911785850e+00
5.134266342489308688e-01
2.648372145328823812e+00
2.739296274067198667e+00
2.455590609506268951e+00
1.457144493640724736e+00
1.902244547186710877e+00
5.872162121982528182e-01
5.836576713869496835e-01
2.289049749016667246e+00
2.131986052859792036e+00
2.206598331499463939e+00
2.234571609407996817e+00
2.618435664727341461e+00
2.881465485079889532e+00
6.111635445434111524e-01
1.871294167775513273e+00
8.077497726469660133e-01
1.748296039691716652e+00
9.122762967018289704e-01
1.658415265812080097e+00
2.057240191080058178e+00
2.125894025935083143e+00
8.101962203283805675e-01
1.185585145354922210e+00
2.050768942517271043e+00
1.643638754533141677e+00
2.768002292772514750e+00
1.449357952348843348e+00
9.675954085137501437e-01
7.128329604141870890e-01
7.582610701231086159e-01
7.785776445942222956e-01
9.168570830166560270e-01
1.739183650754605459e+00
8.508698869750213056e-01
9.824369477264587314e-01
2.796915830235592981e+00
2.306454158110151198e+00
2.607230986220311131e+00
2.578457341056188845e+00
1.538506789945317310e+00
1.485651510052167890e+00
5.638257688065000384e-01
2.185183270994853544e+00
7.474610786946940255e-01
2.741627034577459376e+00
2.472704807586218134e+00
2.013969737727867138e+00
7.067710468781382982e-01
2.033108215607424718e+00
1.938162417329022835e+00
6.811182585766857311e-01
2.944221126575390812e+00
1.421237163578929374e+00
1.164624611908979590e+00
9.138647238883899071e-01
1.064151719529720541e+00
1.647873729219266670e+00
6.996068893862832372e-01
5.372090600954849693e-01
5.459262849713476529e-01
1.611708225683106566e+00
1.163585910036543547e+00
1.361426412818820042e+00
2.339159634067443427e+00
2.018464612824404814e+00
2.706852353619041640e+00
2.740484761993504659e+00
6.395655341160049190e-01
2.669882810856101241e+00
1.340369572440491375e+00
2.610600808437213427e+00
2.143447261407482873e+00
2.890323928711755919e+00
1.167647296993114647e+00
2.326251773767342712e+00
2.452681759991383714e+00
1.976600136019455611e+00
2.044267269452463065e+00
8.703359357523807738e-01
1.294396655617829461e+00
1.987996438826872492e+00
8.254831173701761005e-01
2.467212311362344312e+00
6.428044856022764320e-01
1.898162340989965280e+00
2.378096536342498624e+00
2.550497543192730809e+00
2.664465012349372053e+00
2.932973975811334011e+00
9.148209038018474404e-01
2.863259908392794095e+00
2.046855915741441656e+00
7.081149302605747042e-01
5.190572539859440448e-01
1.647747681563502375e+00
2.084157502288137120e+00
2.408383006613651123e+00
2.485701657646975260e+00
