1.035884391903772894e+03
1.022385439722005117e+03
1.008975019989532825e+03
9.956531327063557910e+02
9.824197778724736736e+02
9.692749554878870413e+02
9.562186655525956667e+02
9.432509080665990950e+02
9.303716830298982359e+02
9.175809904424924071e+02
9.048788303043816086e+02
8.922652026155662952e+02
8.797401073760462396e+02
8.673035445858214416e+02
8.549555142448914467e+02
8.426960163532570505e+02
8.305250509109179120e+02
8.184426179178736902e+02
8.064487173741248398e+02
7.945433492796713608e+02
7.827265136345127985e+02
7.709982104386497213e+02
7.593584396920817881e+02
7.478072013948088852e+02
7.363444955468314674e+02
7.249703221481493074e+02
7.136846811987620640e+02
7.024875726986703057e+02
6.913789966478736915e+02
6.803589530463721076e+02
6.694274418941660088e+02
6.585844631912551677e+02
6.478300169376392432e+02
6.371641031333188039e+02
6.265867217782936223e+02
6.160978728725633573e+02
6.056975564161285774e+02
5.953857724089889416e+02
5.851625208511444498e+02
5.750278017425953294e+02
5.649816150833413531e+02
5.550239608733827481e+02
5.451548391127190598e+02
5.353742498013508566e+02
5.256821929392777974e+02
5.160786685264997686e+02
5.065636765630172249e+02
4.971372170488297684e+02
4.877992899839376264e+02
4.785498953683405716e+02
4.693890332020387746e+02
4.603167034850323489e+02
4.513329062173209536e+02
4.424376413989048160e+02
4.336309090297840498e+02
4.249127091099583140e+02
4.162830416394278927e+02
4.077419066181927292e+02
3.992893040462527097e+02
3.909252339236078910e+02
3.826496962502584438e+02
3.744626910262040838e+02
3.663642182514450383e+02
3.583542779259810800e+02
3.504328700498123794e+02
3.425999946229390503e+02
3.348556516453607514e+02
3.271998411170777672e+02
3.196325630380900407e+02
3.121538174083974582e+02
3.047636042280000765e+02
2.974619234968980095e+02
2.902487752150910865e+02
2.831241593825794212e+02
2.760880759993630136e+02
2.691405250654417500e+02
2.622815065808158010e+02
2.555110205454849961e+02
2.488290669594493920e+02
2.422356458227091025e+02
2.357307571352639570e+02
2.293144008971140408e+02
2.229865771082594108e+02
2.167472857686999248e+02
2.105965268784356397e+02
2.045343004374666975e+02
1.985606064457928710e+02
1.926754449034142738e+02
1.868788158103309627e+02
1.811707191665428240e+02
1.755511549720499431e+02
1.700201232268522347e+02
1.645776239309497555e+02
1.592236570843425625e+02
1.539582226870305135e+02
1.487813207390136938e+02
1.436929512402921318e+02
1.386931141908657708e+02
1.337818095907346105e+02
1.289590374398987365e+02
1.242247977383580064e+02
1.195790904861125483e+02
1.150219156831622769e+02
1.105532733295072205e+02
1.061731634251474219e+02
1.018815859700828383e+02
9.767854096431348410e+01
9.356402840783931651e+01
8.953804830066040665e+01
8.560060064277671188e+01
8.175168543418820377e+01
7.799130267489495338e+01
7.431945236489691808e+01
7.073613450419411208e+01
6.724134909278650696e+01
6.383509613067413113e+01
6.051737561785698460e+01
5.728818755433503895e+01
5.414753194010833681e+01
5.109540877517684976e+01
4.813181805954058490e+01
4.525675979319952802e+01
4.247023397615370754e+01
3.977224060840310216e+01
3.716277968994771186e+01
3.464185122078755086e+01
3.220945520092261916e+01
2.986559163035289544e+01
2.761026050907840101e+01
2.544346183709912168e+01
2.336519561441506809e+01
2.137546184102623315e+01
1.947426051693261684e+01
1.766159164213422983e+01
1.593745521663105613e+01
1.430185124042310996e+01
1.275477971351038065e+01
1.129624063589287708e+01
9.926234007570590379e+00
8.644759828543524094e+00
7.451818098811683555e+00
6.347408818375062545e+00
5.331531987233661063e+00
4.404187605387482662e+00
3.565375672836525567e+00
2.815096189580789776e+00
2.153349155620275290e+00
1.580134570954981221e+00
1.095452435584909123e+00
6.993027495100582192e-01
3.916855127304285644e-01
1.726007252460201313e-01
4.204838705683305866e-02
2.849816286724750751e-05
4.654105856412271702e-02
1.815860682605995036e-01
4.051635272522974840e-01
7.172734355392167416e-01
1.117915793121357693e+00
1.607090599998719505e+00
2.184797856171302399e+00
2.851037561639106599e+00
3.605809716402132548e+00
4.449114320460380689e+00
5.380951373813848804e+00
6.401320876462538223e+00
7.510222828406448947e+00
8.707657229645581864e+00
9.993624080179934310e+00
1.136812338000951073e+01
1.283115512913430400e+01
1.438271932755432303e+01
1.602281597526955892e+01
1.775144507228002055e+01
1.956860661858570438e+01
2.147430061418660330e+01
2.346852705908273151e+01
2.555128595327407126e+01
2.772257729676064031e+01
2.998240108954242444e+01
3.233075733161943077e+01
3.476764602299166995e+01
3.729306716365911711e+01
3.990702075362178647e+01
4.260950679287969223e+01
4.540052528143280597e+01
4.828007621928113480e+01
5.124815960642468582e+01
5.430477544286348035e+01
5.744992372859747576e+01
6.068360446362669336e+01
6.400581764795114736e+01
6.741656328157080225e+01
7.091584136448568643e+01
7.450365189669578569e+01
7.817999487820112847e+01
8.194487030900167213e+01
8.579827818909744508e+01
8.974021851848844733e+01
9.377069129717465046e+01
9.788969652515608288e+01
1.020972342024327304e+02
1.063933043290046214e+02
1.107779069048717133e+02
1.152510419300340345e+02
1.198127094044915566e+02
1.244629093282443222e+02
1.292016417012923171e+02
1.340289065236354986e+02
1.389447037952739379e+02
1.439490335162076065e+02
1.490418956864364191e+02
1.542232903059605462e+02
1.594932173747798174e+02
1.648516768928943748e+02
1.702986688603041330e+02
1.758341932770090921e+02
1.814582501430093089e+02
1.871708394583047266e+02
1.929719612228953451e+02
1.988616154367812214e+02
2.048398020999623270e+02
2.109065212124385766e+02
2.170617727742101408e+02
2.233055567852769059e+02
2.296378732456388150e+02
2.360587221552960386e+02
2.425681035142484063e+02
2.491660173224960602e+02
2.558524635800389433e+02
2.626274422868769420e+02
2.694909534430102553e+02
2.764429970484388264e+02
2.834835731031624846e+02
2.906126816071815142e+02
2.978303225604956879e+02
3.051364959631050624e+02
3.125312018150096947e+02
3.200144401162095846e+02
3.275862108667045618e+02
3.352465140664949104e+02
3.429953497155803461e+02
3.508327178139610965e+02
3.587586183616371045e+02
3.667730513586081997e+02
3.748760168048746095e+02
3.830675147004362771e+02
3.913475450452930318e+02
3.997161078394451579e+02
4.081732030828924280e+02
4.167188307756348991e+02
4.253529909176726278e+02
4.340756835090056143e+02
4.428869085496337448e+02
4.517866660395571330e+02
4.607749559787756652e+02
2.561004357043914297e+02
2.520725308637686908e+02
2.480765526963470506e+02
2.441125012021263672e+02
2.401803763811067824e+02
2.362801782332882681e+02
2.324119067586707104e+02
2.285755619572542798e+02
2.247711438290388344e+02
2.209986523740244877e+02
2.172580875922111829e+02
2.135494494835988633e+02
2.098727380481876708e+02
2.062279532859775202e+02
2.026150951969683263e+02
1.990341637811602595e+02
1.954851590385532347e+02
1.919680809691471950e+02
1.884829295729422540e+02
1.850297048499382981e+02
1.816084068001354410e+02
1.782190354235336542e+02
1.748615907201328525e+02
1.715360726899331212e+02
1.682424813329344602e+02
1.649808166491367842e+02
1.617510786385402071e+02
1.585532673011447002e+02
1.553873826369501501e+02
1.522534246459567271e+02
1.491513933281642608e+02
1.460812886835729216e+02
1.430431107121826244e+02
1.400368594139933123e+02
1.370625347890050989e+02
1.341201368372179275e+02
1.312096655586317695e+02
1.283311209532466819e+02
1.254845030210626220e+02
1.226698117620796182e+02
1.198870471762976848e+02
1.171362092637167649e+02
1.144172980243368869e+02
1.117303134581580508e+02
1.090752555651802993e+02
1.064521243454035613e+02
1.038609197988278652e+02
1.013016419254532252e+02
9.877429072527964138e+01
9.627886619830708526e+01
9.381536834453558527e+01
9.138379716396511299e+01
8.898415265659572526e+01
8.661643482242735104e+01
8.428064366146001873e+01
8.197677917369375677e+01
7.970484135912852253e+01
7.746483021776433020e+01
7.525674574960119401e+01
7.308058795463911395e+01
7.093635683287806160e+01
6.882405238431805117e+01
6.674367460895908266e+01
6.469522350680118450e+01
6.267869907784431405e+01
6.069410132208848552e+01
5.874143023953372733e+01
5.682068583017998975e+01
5.493186809402730120e+01
5.307497703107565457e+01
5.125001264132507117e+01
4.945697492477552260e+01
4.769586388142700883e+01
4.596667951127955121e+01
4.426942181433314971e+01
4.260409079058777593e+01
4.097068644004345117e+01
3.936920876270016834e+01
3.779965775855795584e+01
3.626203342761676396e+01
3.475633576987662110e+01
3.328256478533753437e+01
3.184072047399948246e+01
3.043080283586247603e+01
2.905281187092652218e+01
2.770674757919160669e+01
2.639260996065774023e+01
2.511039901532491569e+01
2.386011474319314374e+01
2.264175714426241015e+01
2.145532621853272914e+01
2.030082196600409006e+01
1.917824438667649289e+01
1.808759348054994831e+01
1.702886924762444210e+01
1.600207168789998491e+01
1.500720080137657142e+01
1.404425658805420696e+01
1.311323904793288264e+01
1.221414818101260913e+01
1.134698398729337576e+01
1.051174646677519320e+01
9.708435619458050780e+00
8.937051445341959166e+00
8.197593944426911250e+00
7.490063116712906144e+00
6.814458962199948289e+00
6.170781480888035908e+00
5.559030672777169002e+00
4.979206537867347571e+00
4.431309076158571614e+00
3.915338287650842464e+00
3.431294172344157012e+00
2.979176730238517479e+00
2.558985961333923420e+00
2.170721865630374392e+00
1.814384443127871727e+00
1.489973693826413870e+00
1.197489617726001487e+00
9.369322148266349126e-01
7.083014851283133684e-01
5.115974286310374097e-01
3.468200453348068146e-01
2.139693352396217774e-01
1.130452983454821869e-01
4.404793465238805716e-02
6.977244160339371622e-03
1.833226869336145471e-03
2.861588277937837307e-02
8.732521189046607568e-02
1.779612142025991661e-01
3.005238897157777589e-01
4.550132384300018540e-01
6.414292603452712571e-01
8.597719554615862458e-01
1.110041323778946820e+00
1.392237365297352758e+00
1.706360080016804170e+00
2.052409467937300835e+00
2.430385529058843197e+00
2.840288263381431033e+00
3.282117670905064344e+00
3.755873751629743129e+00
4.261556505555467389e+00
4.799165932682236679e+00
5.368702033010052332e+00
5.970164806538912572e+00
6.603554253268819174e+00
7.268870373199770363e+00
7.966113166331766138e+00
8.695282632664810052e+00
9.456378772198895888e+00
1.024940158493403075e+01
1.107435107087020754e+01
1.193122723000743513e+01
1.282003006234570286e+01
1.374075956788501607e+01
1.469341574662537830e+01
1.567799859856678246e+01
1.669450812370923742e+01
1.774294432205272898e+01
1.882330719359727667e+01
1.993559673834286272e+01
2.107981295628949781e+01
2.225595584743717481e+01
2.346402541178590084e+01
2.470402164933566880e+01
2.597594456008648578e+01
2.727979414403834468e+01
2.861557040119124551e+01
2.998327333154520247e+01
3.138290293510019424e+01
3.281445921185623860e+01
3.427794216181333553e+01
3.577335178497145307e+01
3.730068808133064096e+01
3.885995105089086366e+01
4.045114069365214249e+01
4.207425700961444193e+01
4.372929999877781171e+01
4.541626966114221631e+01
4.713516599670765572e+01
4.888598900547415838e+01
5.066873868744171006e+01
5.248341504261029655e+01
5.433001807097991787e+01
5.620854777255060242e+01
5.811900414732233600e+01
6.006138719529510439e+01
6.203569691646890760e+01
6.404193331084377405e+01
6.608009637841968242e+01
6.815018611919664693e+01
7.025220253317462493e+01
7.238614562035367328e+01
7.455201538073376355e+01
7.674981181431488153e+01
7.897953492109706986e+01
8.124118470108030010e+01
8.353476115426457227e+01
8.586026428064987215e+01
8.821769408023624237e+01
9.060705055302365452e+01
9.302833369901210858e+01
9.548154351820159036e+01
9.796668001059214248e+01
1.004837431761837365e+02
1.030327330149763441e+02
1.056136495269700362e+02
1.082264927121647702e+02
1.108712625705605461e+02
1.135479591021573356e+02
1.162565823069552096e+02
1.189971321849541113e+02
1.217696087361540833e+02
1.245740119605550547e+02
1.274103418581571106e+02
1.302785984289602084e+02
1.331787816729643055e+02
1.361108915901695298e+02
1.390749281805757391e+02
1.420708914441829904e+02
1.450987813809913405e+02
1.481585979910006756e+02
1.512503412742110527e+02
1.543740112306225569e+02
1.575296078602350178e+02
1.607171311630486059e+02
1.639365811390631791e+02
1.671879577882787657e+02
1.704712611106955080e+02
1.737864911063132070e+02
1.771336477751319478e+02
1.805127311171517874e+02
1.839237411323726405e+02
1.873666778207945072e+02
1.908415411824175010e+02
1.943483312172414799e+02
1.978870479252665575e+02
2.014576913064926202e+02
2.050602613609197249e+02
2.086947580885479567e+02
2.123611814893771736e+02
2.160595315634074041e+02
2.197898083106387617e+02
2.235520117310711044e+02
2.273461418247044890e+02
2.311721985915389723e+02
2.350301820315744408e+02
2.389200921448110364e+02
2.428419289312485887e+02
2.467956923908872113e+02
2.507813825237269327e+02
2.547989993297676392e+02
2.588485428090093592e+02
2.629300129614522348e+02
6.657311803906804926e+02
6.560647626685815794e+02
6.464690373112318866e+02
6.369440043186315279e+02
6.274896636907801621e+02
6.181060154276781304e+02
6.087930595293250917e+02
5.995507959957213870e+02
5.903792248268666754e+02
5.812783460227610703e+02
5.722481595834049131e+02
5.632886655087977488e+02
5.543998637989398048e+02
5.455817544538309676e+02
5.368343374734714644e+02
5.281576128578608404e+02
5.195515806069994369e+02
5.110162407208874811e+02
5.025515931995245182e+02
4.941576380429106052e+02
4.858343752510460263e+02
4.775818048239305540e+02
4.693999267615643021e+02
4.612887410639471568e+02
4.532482477310792319e+02
4.452784467629603000e+02
4.373793381595907022e+02
4.295509219209702678e+02
4.217931980470989402e+02
4.141061665379768328e+02
4.064898273936038890e+02
3.989441806139801088e+02
3.914692261991053783e+02
3.840649641489799251e+02
3.767313944636036354e+02
3.694685171429766228e+02
3.622763321870986601e+02
3.551548395959698041e+02
3.481040393695901685e+02
3.411239315079596963e+02
3.342145160110784445e+02
3.273757928789462994e+02
3.206077621115633747e+02
3.139104237089295566e+02
3.072837776710448452e+02
3.007278239979094110e+02
2.942425626895231403e+02
2.878279937458860331e+02
2.814841171669980895e+02
2.752109329528592525e+02
2.690084411034695790e+02
2.628766416188291259e+02
2.568155344989378364e+02
2.508251197437957103e+02
2.449053973534027762e+02
2.390563673277589771e+02
2.332780296668642848e+02
2.275703843707188412e+02
2.219334314393225611e+02
2.163671708726754446e+02
2.108716026707774915e+02
2.054467268336287020e+02
2.000925433612290760e+02
1.948090522535785567e+02
1.895962535106772577e+02
1.844541471325251507e+02
1.793827331191222072e+02
1.743820114704684272e+02
1.694519821865638107e+02
1.645926452674082725e+02
1.598040007130020115e+02
1.550860485233448856e+02
1.504387886984369231e+02
1.458622212382781527e+02
1.413563461428685173e+02
1.369211634122080739e+02
1.325566730462967371e+02
1.282628750451346207e+02
1.240397694087216678e+02
1.198873561370578784e+02
1.158056352301432668e+02
1.117946066879777902e+02
1.078542705105615056e+02
1.039846266978943845e+02
1.001856752499764127e+02
9.645741616680761865e+01
9.279984944838800232e+01
8.921297509471753528e+01
8.569679310579624598e+01
8.225130348162413441e+01
7.887650622220115793e+01
7.557240132752737338e+01
7.233898879760275236e+01
6.917626863242730906e+01
6.608424083200100085e+01
6.306290539632388459e+01
6.011226232539593184e+01
5.723231161921712840e+01
5.442305327778750978e+01
5.168448730110706180e+01
4.901661368917576311e+01
4.641943244199364216e+01
4.389294355956069182e+01
4.143714704187689080e+01
3.905204288894227460e+01
3.673763110075682903e+01
3.449391167732054697e+01
3.232088461863341422e+01
3.021854992469546275e+01
2.818690759550667124e+01
2.622595763106705391e+01
2.433570003137660009e+01
2.251613479643530980e+01
2.076726192624318656e+01
1.908908142080023396e+01
1.748159328010644842e+01
1.594479750416182817e+01
1.447869409296637322e+01
1.308328304652009066e+01
1.175856436482296985e+01
1.050453804787502143e+01
9.321204095676234758e+00
8.208562508226615151e+00
7.166613285526165278e+00
6.195356427574878921e+00
5.294791934372761411e+00
4.464919805919810969e+00
3.705740042216027152e+00
3.017252643261409073e+00
2.399457609055958951e+00
1.852354939599675454e+00
1.375944634892558582e+00
9.702266949346087799e-01
6.352011197258256026e-01
3.708679092662095500e-01
1.772270635557601504e-01
5.427858259447763262e-02
2.022466382361953838e-03
2.045871491941311793e-02
1.095873282056311487e-01
2.694083062410160267e-01
4.999216490255677381e-01
8.011273565592862411e-01
1.173025428842171536e+00
1.615615865874223900e+00
2.128898667655443333e+00
2.712873834185828947e+00
3.367541365465381631e+00
4.092901261494100495e+00
4.888953522271988206e+00
5.755698147799041209e+00
6.693135138075261281e+00
7.701264493100647535e+00
8.780086212875202634e+00
9.929600297398922137e+00
1.114980674667181049e+01
1.244070556069386591e+01
1.380229673946508484e+01
1.523458028298547440e+01
1.673755619125502747e+01
1.831122446427374939e+01
1.995558510204164193e+01
2.167063810455869444e+01
2.345638347182491046e+01
2.531282120384030421e+01
2.723995130060485437e+01
2.923777376211857870e+01
3.130628858838147011e+01
3.344549577939353213e+01
3.565539533515475057e+01
3.793598725566513252e+01
4.028727154092468510e+01
4.270924819093342251e+01
4.520191720569130922e+01
4.776527858519835945e+01
5.039933232945459451e+01
5.310407843845997888e+01
5.587951691221453387e+01
5.872564775071827370e+01
6.164247095397115572e+01
6.462998652197320837e+01
6.768819445472445295e+01
7.081709475222483263e+01
7.401668741447439004e+01
7.728697244147312517e+01
8.062794983322100961e+01
8.403961958971807178e+01
8.752198171096428325e+01
9.107503619695970087e+01
9.469878304770425359e+01
9.839322226319796982e+01
1.021583538434408780e+02
1.059941777884329355e+02
1.099006940981741565e+02
1.138779027726645552e+02
1.179258038119041174e+02
1.220443972158928290e+02
1.262336829846307467e+02
1.304936611181177852e+02
1.348243316163540442e+02
1.392256944793394382e+02
1.436977497070739958e+02
1.482404972995577168e+02
1.528539372567906014e+02
1.575380695787726495e+02
1.622928942655038611e+02
1.671184113169843215e+02
1.720146207332138601e+02
1.769815225141925907e+02
1.820191166599204848e+02
1.871274031703975425e+02
1.923063820456237636e+02
1.975560532855992051e+02
2.028764168903237533e+02
2.082674728597974934e+02
2.137292211940203686e+02
2.192616618929924357e+02
2.248647949567136379e+02
2.305386203851841174e+02
2.362831381784036466e+02
2.420983483363723678e+02
2.479842508590902810e+02
2.539408457465573292e+02
2.599681329987735126e+02
2.660661126157389162e+02
2.722347845974535403e+02
2.784741489439172710e+02
2.847842056551301653e+02
2.911649547310922230e+02
2.976163961718034443e+02
3.041385299772638291e+02
3.107313561474734911e+02
3.173948746824322029e+02
3.241290855821400783e+02
3.309339888465971171e+02
3.378095844758033763e+02
3.447558724697587422e+02
3.517728528284632716e+02
3.588605255519171351e+02
3.660188906401199915e+02
3.732479480930721820e+02
3.805476979107733655e+02
3.879181400932237693e+02
3.953592746404233367e+02
4.028711015523720675e+02
4.104536208290700188e+02
4.181068324705170767e+02
4.258307364767132981e+02
4.336253328476586830e+02
4.414906215833532315e+02
4.494266026837970003e+02
4.574332761489898758e+02
4.655106419789320285e+02
4.736587001736232310e+02
4.818774507330636538e+02
4.901668936572531834e+02
3.290145165774973748e+02
3.236919027904252744e+02
3.184126939518615131e+02
3.131768900618059774e+02
3.079844911202588378e+02
3.028354971272200942e+02
2.977299080826895192e+02
2.926677239866673972e+02
2.876489448391535575e+02
2.826735706401480002e+02
2.777416013896508389e+02
2.728530370876620168e+02
2.680078777341815339e+02
2.632061233292092766e+02
2.584477738727454152e+02
2.537328293647898931e+02
2.490612898053426250e+02
2.444331551944037528e+02
2.398484255319731915e+02
2.353071008180509125e+02
2.308091810526370296e+02
2.263546662357314574e+02
2.219435563673341392e+02
2.175758514474452170e+02
2.132515514760646340e+02
2.089706564531923050e+02
2.047331663788283720e+02
2.005390812529727782e+02
1.963884010756254952e+02
1.922811258467864661e+02
1.882172555664558615e+02
1.841967902346335393e+02
1.802197298513194994e+02
1.762860744165138556e+02
1.723958239302165509e+02
1.685489783924274718e+02
1.647455378031468172e+02
1.609855021623744733e+02
1.572688714701104118e+02
1.535956457263547179e+02
1.499658249311073632e+02
1.463794090843682625e+02
1.428363981861375578e+02
1.393367922364151639e+02
1.358805912352010523e+02
1.324677951824953368e+02
1.290984040782979321e+02
1.257724179226088239e+02
1.224898367154280407e+02
1.192506604567556252e+02
1.160548891465914920e+02
1.129025227849357265e+02
1.097935613717882575e+02
1.067280049071491135e+02
1.037058533910183229e+02
1.007271068233958431e+02
9.779176520428167407e+01
9.489982853367585847e+01
9.205129681157835364e+01
8.924617003798920223e+01
8.648444821290834739e+01
8.376613133633581754e+01
8.109121940827164110e+01
7.845971242871576123e+01
7.587161039766822057e+01
7.332691331512901911e+01
7.082562118109812843e+01
6.836773399557557696e+01
6.595325175856133626e+01
6.358217447005542766e+01
6.125450213005786537e+01
5.897023473856860676e+01
5.672937229558767314e+01
5.453191480111508582e+01
5.237786225515080929e+01
5.026721465769485775e+01
4.819997200874725252e+01
4.617613430830795096e+01
4.419570155637700282e+01
4.225867375295435835e+01
4.036505089804003887e+01
3.851483299163406571e+01
3.670802003373640332e+01
3.494461202434706593e+01
3.322460896346606773e+01
3.154801085109338743e+01
2.991481768722903922e+01
2.832502947187301601e+01
2.677864620502532134e+01
2.527566788668594810e+01
2.381609451685490342e+01
2.239992609553219083e+01
2.102716262271779968e+01
1.969780409841173352e+01
1.841185052261399946e+01
1.716930189532459039e+01
1.597015821654350809e+01
1.481441948627074723e+01
1.370208570450631314e+01
1.263315687125021292e+01
1.160763298650243769e+01
1.062551405026298923e+01
9.686800062531863986e+00
8.791491023309069064e+00
7.939586932594600022e+00
7.131087790388456860e+00
6.365993596690641354e+00
5.644304351501151729e+00
4.966020054819990648e+00
4.331140706647154559e+00
3.739666306982646127e+00
3.191596855826463575e+00
2.686932353178608679e+00
2.225672799039079663e+00
1.807818193407877638e+00
1.433368536285002603e+00
1.102323827670454115e+00
8.146840675642323948e-01
5.704492559663374429e-01
3.696193928767693149e-01
2.121944782955278164e-01
9.817451222261304455e-02
2.755949465802504800e-02
3.494256017637794817e-04
1.654430505382924188e-02
7.614413301422143232e-02
1.791489094829403772e-01
3.255586344599860626e-01
5.153733079453582944e-01
7.485929299390574609e-01
1.025217500441083285e+00
1.345247019451435877e+00
1.708681486970115460e+00
2.115520902997121144e+00
2.565765267532454263e+00
3.059414580576113263e+00
3.596468842128100363e+00
4.176928052188412899e+00
4.800792210757053091e+00
5.468061317834018276e+00
6.178735373419312893e+00
6.932814377512931614e+00
7.730298330114878880e+00
8.571187231225151137e+00
9.455481080843750163e+00
1.038317987897068129e+01
1.135428362560593385e+01
1.236879232074951318e+01
1.342670596440142283e+01
1.452802455656165037e+01
1.567274809723021001e+01
1.686087658640710174e+01
1.809241002409231314e+01
1.936734841028585308e+01
2.068569174498771801e+01
2.204744002819791504e+01
2.345259325991643706e+01
2.490115144014328052e+01
2.639311456887845608e+01
2.792848264612196019e+01
2.950725567187378573e+01
3.112943364613393982e+01
3.279501656890241890e+01
3.450400444017923007e+01
3.625639725996435914e+01
3.805219502825782740e+01
3.989139774505962066e+01
4.177400541036972470e+01
4.370001802418816794e+01
4.566943558651494328e+01
4.768225809735002940e+01
4.973848555669345473e+01
5.183811796454521215e+01
5.398115532090528035e+01
5.616759762577368775e+01
5.839744487915040594e+01
6.067069708103546333e+01
6.298735423142885281e+01
6.534741633033054597e+01
6.775088337774059255e+01
7.019775537365896412e+01
7.268803231808564647e+01
7.522171421102066802e+01
7.779880105246400035e+01
8.041929284241567188e+01
8.308318958087568262e+01
8.579049126784398993e+01
8.854119790332063644e+01
9.133530948730562216e+01
9.417282601979891865e+01
9.705374750080055435e+01
9.997807393031050083e+01
1.029458053083287865e+02
1.059569416348554114e+02
1.090114829098903328e+02
1.121094291334335935e+02
1.152507803054852076e+02
1.184355364260451040e+02
1.216636974951133539e+02
1.249352635126899003e+02
1.282502344787748427e+02
1.316086103933680533e+02
1.350103912564695747e+02
1.384555770680794922e+02
1.419441678281976920e+02
1.454761635368242025e+02
1.490515641939590239e+02
1.526703697996022697e+02
1.563325803537537411e+02
1.600381958564135800e+02
1.637872163075817866e+02
1.675796417072582472e+02
1.714154720554430469e+02
1.752947073521362427e+02
1.792173475973376924e+02
1.831833927910474529e+02
1.871928429332656378e+02
1.912456980239920767e+02
1.953419580632268264e+02
1.994816230509699722e+02
2.036646929872213718e+02
2.078911678719811107e+02
2.121610477052491888e+02
2.164743324870256345e+02
2.208310222173103625e+02
2.252311168961034014e+02
2.296746165234048362e+02
2.341615210992145535e+02
2.386918306235325531e+02
2.432655450963589772e+02
2.478826645176936552e+02
2.525431888875366724e+02
2.572471182058880572e+02
2.619944524727477528e+02
2.667851916881157308e+02
2.716193358519921048e+02
2.764968849643767044e+02
2.814178390252697000e+02
2.863821980346710347e+02
2.913899619925806519e+02
2.964411308989986082e+02
3.015357047539249038e+02
3.066736835573595386e+02
3.118550673093024557e+02
3.170798560097537120e+02
3.223480496587133644e+02
3.276596482561812991e+02
3.330146518021575162e+02
3.384130602966421293e+02
3.438548737396350248e+02
3.493400921311362595e+02
3.548687154711458334e+02
3.604407437596636896e+02
3.660561769966898851e+02
3.717150151822245334e+02
3.774172583162673504e+02
9.276993478156786921e+01
9.070255839034213352e+01
8.865847802973854641e+01
8.663769369975715051e+01
8.464020540039791740e+01
8.266601313166086129e+01
8.071511689354596797e+01
7.878751668605323744e+01
7.688321250918268390e+01
7.500220436293429316e+01
7.314449224730806520e+01
7.131007616230400004e+01
6.949895610792211187e+01
6.771113208416238649e+01
6.594660409102483811e+01
6.420537212850942410e+01
6.248743619661620841e+01
6.079279629534515550e+01
5.912145242469627249e+01
5.747340458466955226e+01
5.584865277526500194e+01
5.424719699648261440e+01
5.266903724832240385e+01
5.111417353078435610e+01
4.958260584386847114e+01
4.807433418757475607e+01
4.658935856190321090e+01
4.512767896685383562e+01
4.368929540242662313e+01
4.227420786862156632e+01
4.088241636543868651e+01
3.951392089287797660e+01
3.816872145093943658e+01
3.684681803962306645e+01
3.554821065892885912e+01
3.427289930885681457e+01
3.302088398940694702e+01
3.179216470057924226e+01
3.058674144237370385e+01
2.940461421479033532e+01
2.824578301782912604e+01
2.711024785149009375e+01
2.599800871577322425e+01
2.490906561067852465e+01
2.384341853620599494e+01
2.280106749235562802e+01
2.178201247912743099e+01
2.078625349652139676e+01
1.981379054453753596e+01
1.886462362317584152e+01
1.793875273243631341e+01
1.703617787231895164e+01
1.615689904282375977e+01
1.530091624395073069e+01
1.446822947569987150e+01
1.365883873807118221e+01
1.287274403106465925e+01
1.210994535468030442e+01
1.137044270891811593e+01
1.065423609377809555e+01
9.961325509260237965e+00
9.291710955364553826e+00
8.645392432091034252e+00
8.022369939439684572e+00
7.422643477410501234e+00
6.846213046003485125e+00
6.293078645218635359e+00
5.763240275055954598e+00
5.256697935515441067e+00
4.773451626597093878e+00
4.313501348300914806e+00
3.876847100626903853e+00
3.463488883575060129e+00
3.073426697145382747e+00
2.706660541337873926e+00
2.363190416152532336e+00
2.043016321589357531e+00
1.746138257648351066e+00
1.472556224329512053e+00
1.222270221632840048e+00
9.952802495583356057e-01
7.915863081059988371e-01
6.111883972758292982e-01
4.540865170678273222e-01
3.202806674819928534e-01
2.097708485183257809e-01
1.225570601768261880e-01
5.863930245749403997e-02
1.801757536032937146e-02
6.918788853321559398e-04
6.662213032502400240e-03
3.592857780184011141e-02
8.849097319334527090e-02
1.643493992070178822e-01
2.635038558428579591e-01
3.859543431008655712e-01
5.317008609810406350e-01
7.007434094833828730e-01
8.930819886078928960e-01
1.108716598354570371e+00
1.347647238723415075e+00
1.609873909714427676e+00
1.895396611327607062e+00
2.204215343562954121e+00
2.536330106420469299e+00
2.891740899900151263e+00
3.270447724002000456e+00
3.672450578726018655e+00
4.097749464072202308e+00
4.546344380040554078e+00
5.018235326631073079e+00
5.513422303843761085e+00
6.031905311678615433e+00
6.573684350135637011e+00
7.138759419214827595e+00
7.727130518916183632e+00
8.338797649239708676e+00
8.973760810185400061e+00
9.632020001753259564e+00
1.031357522394328541e+01
1.101842647675547759e+01
1.174657376018983967e+01
1.249801707424636810e+01
1.327275641892506819e+01
1.407079179422593107e+01
1.489212320014896207e+01
1.573675063669415941e+01
1.660467410386152665e+01
1.749589360165105845e+01
1.841040913006276014e+01
1.934822068909663173e+01
2.030932827875266611e+01
2.129373189903087038e+01
2.230143154993124099e+01
2.333242723145377795e+01
2.438671894359848480e+01
2.546430668636535444e+01
2.656519045975440108e+01
2.768937026376561050e+01
2.883684609839898272e+01
3.000761796365452838e+01
3.120168585953223683e+01
3.241904978603211873e+01
3.365970974315416697e+01
3.492366573089837800e+01
3.621091774926475892e+01
3.752146579825330264e+01
3.885530987786401624e+01
4.021244998809689974e+01
4.159288612895194603e+01
4.299661830042916932e+01
4.442364650252854830e+01
4.587397073525010427e+01
4.734759099859382303e+01
4.884450729255972590e+01
5.036471961714777734e+01
5.190822797235799868e+01
5.347503235819038991e+01
5.506513277464494394e+01
5.667852922172166785e+01
5.831522169942056166e+01
5.997521020774161826e+01
6.165849474668484476e+01
6.336507531625024114e+01
6.509495191643779322e+01
6.684812454724752229e+01
6.862459320867942836e+01
7.042435790073348301e+01
7.224741862340974308e+01
7.409377537670813751e+01
7.596342816062869474e+01
7.785637697517142897e+01
7.977262182033634019e+01
8.171216269612340000e+01
8.367499960253263680e+01
8.566113253956403639e+01
8.767056150721761298e+01
8.970328650549335237e+01
9.175930753439125453e+01
9.383862459391131949e+01
9.594123768405356145e+01
9.806714680481799462e+01
1.002163519562045764e+02
1.023888531382133209e+02
1.045846503508442282e+02
1.068037435940972983e+02
1.090461328679725455e+02
1.113118181724699554e+02
1.136007995075895423e+02
1.159130768733312919e+02
1.182486502696952044e+02
1.206075196966812797e+02
1.229896851542895320e+02
1.253951466425199470e+02
1.278239041613725249e+02
1.302759577108473081e+02
1.327513072909442258e+02
1.352499529016633062e+02
1.377718945430045778e+02
1.403171322149679838e+02
1.428856659175535810e+02
1.454774956507613410e+02
1.480926214145912638e+02
1.507310432090433494e+02
1.533927610341175978e+02
1.560777748898140374e+02
1.587860847761326397e+02
1.615176906930734049e+02
1.642725926406363328e+02
1.670507906188214235e+02
1.698522846276286771e+02
1.726770746670581218e+02
1.755251607371097009e+02
1.783965428377834712e+02
1.812912209690794043e+02
1.842091951309975002e+02
1.871504653235378441e+02
1.901150315467002656e+02
1.931028938004848783e+02
1.961140520848916537e+02
1.991485063999205920e+02
2.022062567455716930e+02
2.052873031218449569e+02
2.083916455287404119e+02
2.115192839662580013e+02
2.146702184343977819e+02
2.178444489331597254e+02
2.210419754625438316e+02
2.242627980225501290e+02
2.275069166131785607e+02
2.307743312344291837e+02
2.340650418863019411e+02
2.373790485687968896e+02
2.407163512819140010e+02
2.440769500256533036e+02
2.474608448000147405e+02
2.508680356049983686e+02
2.542985224406041596e+02
2.577523053068321133e+02
2.612293842036822298e+02
2.647297591311544807e+02
2.682534300892489796e+02
2.718003970779655560e+02
2.753706600973043805e+02
2.789642191472653963e+02
2.825810742278485463e+02
2.862212253390538308e+02
2.898846724808813065e+02
2.935714156533309165e+02
2.972814548564027177e+02
3.010147900900966533e+02
3.047714213544127801e+02
3.085513486493510982e+02
3.123545719749115506e+02
3.161810913310941942e+02
3.200309067178989721e+02
2.613987558178170048e+02
2.580360068744415116e+02
2.546950281315874918e+02
2.513758195892547747e+02
2.480783812474435024e+02
2.448027131061535044e+02
2.415488151653849513e+02
2.383166874251377010e+02
2.351063298854119239e+02
2.319177425462073927e+02
2.287509254075243348e+02
2.256058784693625512e+02
2.224826017317222409e+02
2.193810951946032048e+02
2.163013588580056137e+02
2.132433927219293253e+02
2.102071967863744533e+02
2.071927710513409124e+02
2.042001155168287880e+02
2.012292301828379664e+02
1.982801150493685896e+02
1.953527701164205155e+02
1.924471953839938863e+02
1.895633908520885313e+02
1.867013565207046497e+02
1.838610923898420424e+02
1.810425984595008799e+02
1.782458747296810202e+02
1.754709212003825769e+02
1.727177378716054648e+02
1.699863247433497691e+02
1.672766818156154329e+02
1.645888090884024280e+02
1.619227065617108394e+02
1.592783742355405820e+02
1.566558121098917127e+02
1.540550201847641745e+02
1.514759984601580811e+02
1.489187469360732621e+02
1.463832656125099163e+02
1.438695544894678449e+02
1.413776135669472183e+02
1.389074428449478944e+02
1.364590423234699870e+02
1.340324120025134107e+02
1.316275518820782509e+02
1.292444619621643938e+02
1.268831422427719531e+02
1.245435927239008720e+02
1.222258134055511647e+02
1.199298042877228312e+02
1.176555653704158573e+02
1.154030966536302572e+02
1.131723981373660166e+02
1.109634698216231499e+02
1.087763117064016569e+02
1.066109237917015378e+02
1.044673060775227782e+02
1.023454585638653924e+02
1.002453812507293662e+02
9.816707413811471383e+01
9.611053722602143523e+01
9.407577051444951621e+01
9.206277400339898520e+01
9.007154769286979956e+01
8.810209158286200193e+01
8.615440567337556388e+01
8.422848996441049962e+01
8.232434445596679495e+01
8.044196914804447829e+01
7.858136404064350700e+01
7.674252913376392371e+01
7.492546442740572843e+01
7.313016992156886431e+01
7.135664561625338820e+01
6.960489151145927167e+01
6.787490760718652894e+01
6.616669390343514578e+01
6.448025040020513643e+01
6.281557709749650087e+01
6.117267399530923200e+01
5.955154109364333692e+01
5.795217839249880143e+01
5.637458589187563973e+01
5.481876359177384472e+01
5.328471149219342351e+01
5.177242959313436899e+01
5.028191789459668115e+01
4.881317639658036711e+01
4.736620509908541976e+01
4.594100400211183910e+01
4.453757310565963223e+01
4.315591240972879206e+01
4.179602191431931857e+01
4.045790161943121888e+01
3.914155152506448587e+01
3.784697163121911956e+01
3.657416193789512704e+01
3.532312244509249410e+01
3.409385315281124207e+01
3.288635406105134962e+01
3.170062516981283451e+01
3.053666647909568255e+01
2.939447798889990437e+01
2.827405969922549289e+01
2.717541161007244810e+01
2.609853372144077710e+01
2.504342603333046924e+01
2.401008854574153517e+01
2.299852125867396779e+01
2.200872417212777066e+01
2.104069728610294376e+01
2.009444060059948356e+01
1.916995411561739360e+01
1.826723783115667388e+01
1.738629174721732085e+01
1.652711586379933806e+01
1.568971018090272374e+01
1.487407469852747965e+01
1.408020941667360404e+01
1.330811433534109689e+01
1.255778945452995998e+01
1.182923477424019154e+01
1.112245029447179157e+01
1.043743601522476183e+01
9.774191936499100564e+00
9.132718058294807761e+00
8.513014380611885201e+00
7.915080903450332883e+00
7.338917626810147254e+00
6.784524550691330980e+00
6.251901675093884059e+00
5.741049000017806492e+00
5.251966525463097391e+00
4.784654251429757643e+00
4.339112177917787250e+00
3.915340304927185322e+00
3.513338632457952748e+00
3.133107160510089084e+00
2.774645889083594774e+00
2.437954818178469374e+00
2.123033947794712883e+00
1.829883277932325969e+00
1.558502808591307742e+00
1.308892539771658647e+00
1.081052471473378462e+00
8.749826036964674092e-01
6.906829364409254879e-01
5.281534697067525874e-01
3.873942034939487078e-01
2.684051378025139600e-01
1.711862726324482331e-01
9.573760798375155479e-02
4.205914385642393893e-02
1.015088025046539597e-02
1.281716587590145212e-05
1.164495460265546796e-02
4.504729256080409333e-02
1.002198310403217829e-01
1.771625700412085280e-01
2.758755095634642940e-01
3.963586496070891640e-01
5.386119901720831660e-01
7.026355312584459112e-01
8.884292728661780103e-01
1.095993214995279130e+00
1.325327357645749382e+00
1.576431700817588544e+00
1.849306244510796837e+00
2.143950988725373819e+00
2.460365933461320154e+00
2.798551078718635843e+00
3.158506424497319998e+00
3.540231970797373950e+00
3.943727717618796369e+00
4.368993664961588586e+00
4.816029812825749268e+00
5.284836161211278416e+00
5.775412710118177806e+00
6.287759459546445662e+00
6.821876409496082871e+00
7.377763559967088547e+00
7.955420910959464464e+00
8.554848462473206183e+00
9.176046214508319920e+00
9.819014167064802123e+00
1.048375232014265279e+01
1.117026067374187370e+01
1.187853922786246308e+01
1.260858798250442270e+01
1.336040693766774901e+01
1.413399609335244556e+01
1.492935544955851235e+01
1.574648500628594761e+01
1.658538476353475133e+01
1.744605472130492529e+01
1.832849487959646595e+01
1.923270523840937685e+01
2.015868579774365799e+01
2.110643655759930581e+01
2.207595751797632389e+01
2.306724867887471220e+01
2.408031004029446720e+01
2.511514160223559244e+01
2.617174336469808793e+01
2.725011532768195366e+01
2.835025749118718608e+01
2.947216985521378518e+01
3.061585241976175809e+01
3.178130518483109768e+01
3.296852815042180396e+01
3.417752131653388403e+01
3.540828468316733080e+01
3.666081825032214425e+01
3.793512201799833150e+01
3.923119598619588544e+01
4.054904015491481317e+01
4.188865452415510049e+01
4.325003909391676160e+01
4.463319386419979651e+01
4.603811883500419100e+01
4.746481400632995928e+01
4.891327937817710136e+01
5.038351495054561013e+01
5.187552072343548559e+01
5.338929669684672774e+01
5.492484287077934368e+01
5.648215924523332632e+01
5.806124582020867564e+01
5.966210259570539876e+01
6.128472957172348856e+01
6.292912674826294506e+01
6.459529412532377535e+01
6.628323170290597943e+01
6.799293948100954310e+01
6.972441745963448057e+01
7.147766563878077761e+01
7.325268401844844846e+01
7.504947259863749309e+01
7.686803137934791152e+01
7.870836036057968954e+01
8.057045954233284135e+01
8.245432892460735275e+01
8.435996850740322373e+01
8.628737829072048271e+01
8.823655827455910128e+01
9.020750845891910785e+01
9.220022884380045980e+01
9.421471942920319975e+01
9.625098021512729929e+01
9.830901120157277262e+01
1.003888123885396055e+02
1.024903837760278265e+02
1.046137253640373928e+02
1.067588371525683471e+02
1.089257191416206609e+02
3.917238112370155250e+02
3.860545210602545012e+02
3.804265553543635292e+02
3.748399141193425521e+02
3.692945973551913426e+02
3.637906050619102416e+02
3.583279372394989650e+02
3.529065938879576834e+02
3.475265750072863966e+02
3.421878805974849342e+02
3.368905106585535236e+02
3.316344651904920511e+02
3.264197441933004029e+02
3.212463476669788065e+02
3.161142756115270913e+02
3.110235280269453710e+02
3.059741049132336457e+02
3.009660062703916878e+02
2.959992320984198386e+02
2.910737823973178706e+02
2.861896571670858407e+02
2.813468564077237488e+02
2.765453801192316519e+02
2.717852283016093793e+02
2.670664009548571585e+02
2.623888980789748189e+02
2.577527196739624742e+02
2.531578657398200960e+02
2.486043362765475422e+02
2.440921312841450401e+02
2.396212507626124761e+02
2.351916947119497650e+02
2.308034631321570771e+02
2.264565560232342705e+02
2.221509733851814872e+02
2.178867152179986135e+02
2.136637815216856495e+02
2.094821722962426520e+02
2.053418875416696494e+02
2.012429272579664712e+02
1.971852914451333447e+02
1.931689801031701279e+02
1.891939932320768207e+02
1.852603308318535085e+02
1.813679929025000490e+02
1.775169794440166413e+02
1.737072904564031433e+02
1.699389259396595264e+02
1.662118858937859329e+02
1.625261703187822775e+02
1.588817792146484749e+02
1.552787125813847240e+02
1.517169704189908828e+02
1.481965527274669228e+02
1.447174595068129861e+02
1.412796907570289306e+02
1.378832464781148701e+02
1.345281266700707477e+02
1.312143313328965064e+02
1.279418604665922743e+02
1.247107140711579518e+02
1.215208921465935816e+02
1.183723946928991637e+02
1.152652217100746839e+02
1.121993731981201279e+02
1.091748491570355242e+02
1.061916495868208870e+02
1.032497744874761736e+02
1.003492238590013983e+02
9.748999770139658949e+01
9.467209601466170454e+01
9.189551879879674345e+01
8.916026605380174885e+01
8.646633777967670653e+01
8.381373397642158807e+01
8.120245464403640767e+01
7.863249978252117955e+01
7.610386939187591793e+01
7.361656347210056595e+01
7.117058202319516624e+01
6.876592504515970461e+01
6.640259253799420947e+01
6.408058450169862397e+01
6.179990093627299785e+01
5.956054184171732402e+01
5.736250721803158115e+01
5.520579706521577634e+01
5.309041138326993092e+01
5.101635017219401647e+01
4.898361343198806139e+01
4.699220116265202307e+01
4.504211336418593703e+01
4.313335003658978906e+01
4.126591117986360047e+01
3.943979679400734284e+01
3.765500687902102328e+01
3.591154143490464890e+01
3.420940046165823389e+01
3.254858395928174275e+01
3.092909192777520033e+01
2.935092436713860309e+01
2.781408127737194391e+01
2.631856265847523346e+01
2.486436851044846108e+01
2.345149883329163387e+01
2.207995362700475184e+01
2.074973289158780787e+01
1.946083662704080908e+01
1.821326483336375190e+01
1.700701751055663991e+01
1.584209465861946597e+01
1.471849627755223899e+01
1.363622236735495186e+01
1.259527292802761167e+01
1.159564795957020955e+01
1.063734746198275438e+01
9.720371435265237281e+00
8.844719879417668906e+00
8.010392794440038600e+00
7.217390180332354355e+00
6.465712037094611730e+00
5.755358364726811615e+00
5.086329163228954009e+00
4.458624432601039800e+00
3.872244172843068544e+00
3.327188383955039797e+00
2.823457065936954002e+00
2.361050218788810717e+00
1.939967842510611051e+00
1.560209937102353672e+00
1.221776502564039024e+00
9.246675388956674402e-01
6.688830460972384762e-01
4.544230241687525762e-01
2.812874731102093517e-01
1.494763929216089970e-01
5.898978360295142193e-02
9.827645154236673217e-03
1.989977575464753085e-03
3.547678086663566543e-02
1.102880550277493821e-01
2.264238000588059407e-01
3.838840159598053692e-01
5.826687027307474454e-01
8.227778603716325856e-01
1.104211488882460346e+00
1.426969588263231170e+00
1.791052158513944725e+00
2.196459199634600790e+00
2.643190711625199807e+00
3.131246694485741777e+00
3.660627148216226701e+00
4.231332072816654133e+00
4.843361468287024962e+00
5.496715334627338301e+00
6.191393671837594148e+00
6.927396479917793393e+00
7.704723758867935146e+00
8.523375508688017632e+00
9.383351729378047068e+00
1.028465242093801635e+01
1.122727758336793080e+01
1.221122721666778510e+01
1.323650132083758635e+01
1.430309989587732566e+01
1.541102294178701193e+01
1.656027045856663804e+01
1.775084244621621110e+01
1.898273890473571868e+01
2.025595983412517498e+01
2.157050523438457645e+01
2.292637510551391244e+01
2.432356944751320071e+01
2.576208826038242350e+01
2.724193154412159856e+01
2.876309929873070814e+01
3.032559152420976645e+01
3.192940822055876282e+01
3.357454938777770792e+01
3.526101502586659109e+01
3.698880513482541232e+01
3.875791971465418584e+01
4.056835876535289742e+01
4.242012228692156128e+01
4.431321027936014190e+01
4.624762274266868900e+01
4.822335967684718128e+01
5.024042108189559031e+01
5.229880695781396582e+01
5.439851730460230073e+01
5.653955212226054527e+01
5.872191141078874921e+01
6.094559517018689121e+01
6.321060340045497838e+01
6.551693610159298942e+01
6.786459327360097404e+01
7.025357491647888253e+01
7.268388103022672908e+01
7.515551161484452791e+01
7.766846667033227902e+01
8.022274619668996820e+01
8.281835019391756703e+01
8.545527866201514655e+01
8.813353160098266414e+01
9.085310901082013402e+01
9.361401089152751354e+01
9.641623724310485954e+01
9.925978806555214362e+01
1.021446633588693800e+02
1.050708631230565260e+02
1.080383873581136385e+02
1.110472360640407032e+02
1.140974092408376919e+02
1.171889068885046328e+02
1.203217290070415260e+02
1.234958755964483572e+02
1.267113466567250981e+02
1.299681421878718197e+02
1.332662621898884652e+02
1.366057066627750771e+02
1.399864756065315987e+02
1.434085690211581152e+02
1.468719869066545414e+02
1.503767292630208772e+02
1.539227960902572363e+02
1.575101873883634482e+02
1.611389031573396267e+02
1.648089433971858000e+02
1.685203081079018830e+02
1.722729972894878756e+02
1.760670109419438916e+02
1.799023490652697603e+02
1.837790116594656524e+02
1.876969987245314258e+02
1.916563102604671371e+02
1.956569462672728719e+02
1.996989067449484878e+02
2.037821916934940134e+02
2.079068011129095623e+02
2.120727350031949925e+02
2.162799933643504460e+02
2.205285761963757523e+02
2.248184834992710250e+02
2.291497152730362927e+02
2.335222715176714132e+02
2.379361522331765002e+02
2.423913574195516105e+02
2.468878870767965736e+02
2.514257412049114748e+02
2.560049198038964278e+02
2.606254228737512335e+02
2.652872504144760342e+02
2.699904024260707160e+02
2.747348789085353360e+02
2.795206798618700077e+02
2.843478052860745038e+02
3.384315598102054992e+02
3.311077393245021767e+02
3.238640335552434522e+02
3.167004425024295529e+02
3.096169661660601946e+02
3.026136045461356616e+02
2.956903576426557265e+02
2.888472254556205598e+02
2.820842079850300479e+02
2.754013052308842475e+02
2.687985171931831019e+02
2.622758438719267247e+02
2.558332852671149453e+02
2.494708413787479344e+02
2.431885122068255498e+02
2.369862977513479336e+02
2.308641980123149438e+02
2.248222129897267223e+02
2.188603426835830987e+02
2.129785870938842720e+02
2.071769462206300432e+02
2.014554200638205828e+02
1.958140086234557486e+02
1.902527118995356830e+02
1.847715298920602436e+02
1.793704626010295726e+02
1.740495100264434996e+02
1.688086721683022233e+02
1.636479490266055450e+02
1.585673406013536351e+02
1.535668468925463515e+02
1.486464679001838363e+02
1.438062036242660042e+02
1.390460540647927985e+02
1.343660192217643612e+02
1.297660990951805502e+02
1.252462936850414650e+02
1.208066029913470771e+02
1.164470270140973724e+02
1.121675657532923651e+02
1.079682192089320552e+02
1.038489873810164426e+02
9.980987026954551311e+01
9.585086787451928103e+01
9.197198019593774632e+01
8.817320723380089476e+01
8.445454898810875477e+01
8.081600545886128373e+01
7.725757664605852426e+01
7.377926254970046216e+01
7.038106316978708321e+01
6.706297850631840163e+01
6.382500855929442451e+01
6.066715332871513056e+01
5.758941281458052686e+01
5.459178701689062052e+01
5.167427593564540445e+01
4.883687957084487863e+01
4.607959792248905018e+01
4.340243099057791909e+01
4.080537877511147826e+01
3.828844127608972769e+01
3.585161849351267449e+01
3.349491042738031155e+01
3.121831707769264597e+01
2.902183844444967420e+01
2.690547452765139269e+01
2.486922532729780855e+01
2.291309084338891466e+01
2.103707107592471459e+01
1.924116602490521188e+01
1.752537569033039944e+01
1.588970007220027902e+01
1.433413917051485420e+01
1.285869298527412319e+01
1.146336151647808599e+01
1.014814476412674260e+01
8.913042728220091249e+00
7.758055408758134597e+00
6.683182805740872645e+00
5.688424919168302729e+00
4.773781749040426625e+00
3.939253295357243889e+00
3.184839558118754521e+00
2.510540537324958965e+00
1.916356232975857221e+00
1.402286645071448623e+00
9.683317736117341701e-01
6.144916185967128630e-01
3.407661800263850904e-01
1.471554579007509078e-01
3.365945221981032215e-02
2.781629835632699844e-04
4.701159019200978201e-02
1.738597338451498275e-01
3.808225939429834561e-01
6.679001704855107580e-01
1.035092463472731206e+00
1.482399472904645465e+00
2.009821198781253759e+00
2.617357641102554311e+00
3.305008799868549563e+00
4.072774675079237738e+00
4.920655266734620170e+00
5.848650574834695526e+00
6.856760599379464693e+00
7.944985340368927673e+00
9.113324797803082689e+00
1.036177897168193240e+01
1.169034786200547593e+01
1.309903146877371327e+01
1.458782979198664442e+01
1.615674283164426939e+01
1.780577058774658639e+01
1.953491306029359720e+01
2.134417024928530182e+01
2.323354215472170026e+01
2.520302877660279250e+01
2.725263011492857856e+01
2.938234616969905844e+01
3.159217694091423212e+01
3.388212242857409962e+01
3.625218263267865382e+01
3.870235755322791249e+01
4.123264719022185432e+01
4.384305154366050061e+01
4.653357061354383006e+01
4.930420439987186398e+01
5.215495290264458106e+01
5.508581612186199550e+01
5.809679405752410730e+01
6.118788670963090937e+01
6.435909407818240879e+01
6.761041616317859848e+01
7.094185296461947132e+01
7.435340448250505574e+01
7.784507071683532331e+01
8.141685166761025982e+01
8.506874733482992212e+01
8.880075771849426758e+01
9.261288281860331040e+01
9.650512263515705058e+01
1.004774771681554881e+02
1.045299464175986088e+02
1.086625303834864269e+02
1.128752290658189423e+02
1.171680424645961409e+02
1.215409705798180369e+02
1.259940134114846302e+02
1.305271709595959635e+02
1.351404432241519089e+02
1.398338302051525943e+02
1.446073319025979345e+02
1.494609483164880430e+02
1.543946794468227495e+02
1.594085252936022243e+02
1.645024858568263539e+02
1.696765611364952235e+02
1.749307511326087194e+02
1.802650558451668985e+02
1.856794752741698460e+02
1.911740094196174198e+02
1.967486582815097620e+02
2.024034218598467305e+02
2.081383001546284390e+02
2.139532931658548023e+02
2.198484008935259055e+02
2.258236233376416351e+02
2.318789604982021331e+02
2.380144123752072574e+02
2.442299789686571501e+02
2.505256602785516407e+02
2.569014563048909281e+02
2.633573670476748134e+02
2.698933925069034672e+02
2.765095326825767756e+02
2.832057875746947957e+02
2.899821571832574705e+02
2.968386415082649137e+02
3.037752405497169548e+02
3.107919543076138211e+02
3.178887827819552285e+02
3.250657259727414612e+02
3.323227838799722917e+02
3.396599565036478907e+02
3.470772438437680876e+02
3.545746459003331097e+02
3.621521626733426729e+02
3.698097941627970613e+02
3.775475403686960476e+02
3.853654012910398023e+02
3.932633769298282118e+02
4.012414672850613329e+02
4.092996723567391086e+02
4.174379921448616528e+02
4.256564266494286812e+02
4.339549758704405917e+02
4.423336398078971570e+02
4.507924184617984906e+02
4.593313118321443653e+02
4.679503199189350653e+02
4.766494427221703631e+02
4.854286802418504863e+02
4.942880324779751504e+02
5.032274994305446398e+02
5.122470810995587271e+02
5.213467774850175829e+02
5.305265885869212070e+02
5.397865144052691448e+02
5.491265549400621921e+02
5.585467101912997805e+02
5.680469801589819099e+02
5.776273648431089214e+02
5.872878642436807013e+02
5.970284783606971359e+02
6.068492071941579979e+02
6.167500507440638557e+02
6.267310090104143683e+02
6.367920819932095355e+02
6.469332696924491302e+02
6.571545721081337206e+02
6.674559892402630794e+02
6.778375210888369793e+02
6.882991676538554202e+02
6.988409289353188569e+02
7.094628049332268347e+02
7.201647956475795809e+02
7.309469010783768681e+02
7.418091212256189237e+02
7.527514560893057478e+02
7.637739056694373403e+02
7.748764699660132464e+02
7.860591489790341484e+02
7.973219427084998188e+02
8.086648511544101439e+02
8.200878743167648963e+02
8.315910121955645309e+02
8.431742647908089339e+02
8.548376321024979916e+02
8.665811141306314767e+02
8.784047108752099575e+02
8.903084223362330931e+02
9.022922485137009971e+02
9.143561894076132148e+02
9.265002450179705420e+02
9.387244153447724102e+02
9.510287003880190468e+02
9.634131001477101108e+02
9.758776146238461706e+02
9.884222438164268851e+02
1.001046987725452254e+03
1.013751846350922051e+03
1.026536819692836843e+03
1.039401907751196404e+03
1.052347110526000279e+03
1.065372428017249149e+03
1.578024102246963878e+02
1.554568895628267740e+02
1.531289311705764362e+02
1.508185350479452893e+02
1.485257011949333048e+02
1.462504296115405111e+02
1.439927202977669083e+02
1.417525732536124679e+02
1.395299884790771614e+02
1.373249659741611026e+02
1.351375057388642347e+02
1.329676077731865576e+02
1.308152720771280713e+02
1.286804986506887474e+02
1.265632874938685859e+02
1.244636386066676295e+02
1.223815519890858639e+02
1.203170276411232607e+02
1.182700655627798625e+02
1.162406657540556552e+02
1.142288282149506387e+02
1.122345529454647703e+02
1.102578399455981071e+02
1.082986892153506346e+02
1.063571007547223530e+02
1.044330745637132196e+02
1.025266106423233055e+02
1.006377089905525679e+02
9.876636960840099277e+01
9.691259249586863689e+01
9.507637765295545762e+01
9.325772507966145497e+01
9.145663477598662894e+01
8.967310674193097952e+01
8.790714097749453515e+01
8.615873748267728160e+01
8.442789625747919047e+01
8.271461730190030437e+01
8.101890061594059489e+01
7.934074619960007624e+01
7.768015405287871999e+01
7.603712417577656879e+01
7.441165656829360842e+01
7.280375123042982466e+01
7.121340816218521752e+01
6.964062736355980121e+01
6.808540883455357573e+01
6.654775257516651266e+01
6.502765858539865462e+01
6.352512686524998742e+01
6.204015741472049683e+01
6.057275023381017576e+01
5.912290532251905972e+01
5.769062268084712741e+01
5.627590230879437883e+01
5.487874420636079265e+01
5.349914837354641151e+01
5.213711481035121409e+01
5.079264351677518619e+01
4.946573449281836332e+01
4.815638773848071708e+01
4.686460325376226166e+01
4.559038103866297575e+01
4.433372109318288778e+01
4.309462341732198354e+01
4.187308801108026302e+01
4.066911487445771201e+01
3.948270400745436604e+01
3.831385541007019668e+01
3.716256908230520395e+01
3.602884502415940915e+01
3.491268323563279807e+01
3.381408371672537072e+01
3.273304646743711288e+01
3.166957148776805298e+01
3.062365877771818035e+01
2.959530833728748433e+01
2.858452016647597560e+01
2.759129426528365414e+01
2.661563063371051285e+01
2.565752927175656239e+01
2.471699017942179211e+01
2.379401335670620909e+01
2.288859880360980625e+01
2.200074652013259779e+01
2.113045650627456240e+01
2.027772876203572139e+01
1.944256328741605699e+01
1.862496008241557632e+01
1.782491914703429003e+01
1.704244048127218036e+01
1.627752408512925797e+01
1.553016995860551930e+01
1.480037810170096790e+01
1.408814851441559668e+01
1.339348119674941628e+01
1.271637614870241428e+01
1.205683337027460134e+01
1.141485286146597034e+01
1.079043462227652306e+01
1.018357865270626306e+01
9.594284952755185003e+00
9.022553522423296002e+00
8.468384361710587172e+00
7.931777470617065617e+00
7.412732849142727787e+00
6.911250497287575456e+00
6.427330415051606849e+00
5.960972602434823742e+00
5.512177059437226134e+00
5.080943786058811362e+00
4.667272782299582090e+00
4.271164048159535653e+00
3.892617583638675161e+00
3.531633388736999279e+00
3.188211463454508454e+00
2.862351807791201797e+00
2.554054421747079751e+00
2.263319305322142760e+00
1.990146458516390160e+00
1.734535881329821727e+00
1.496487573762438350e+00
1.276001535814239807e+00
1.073077767485225653e+00
8.877162687753962222e-01
7.199170396847514031e-01
5.696800802132910846e-01
4.370053903610155444e-01
3.218929701279246713e-01
2.243428195140184378e-01
1.443549385192967882e-01
8.192932714375981973e-02
3.706598538740748378e-02
9.764913250239787290e-03
2.611073225673812045e-05
7.849577833458330073e-03
3.323531455384456240e-02
7.618332089341543767e-02
1.366935968521709732e-01
2.147661424301111066e-01
3.104009576272359627e-01
4.235980424435453751e-01
5.543573968790395101e-01
7.026790209337182569e-01
8.685629146075816154e-01
1.052009077900629475e+00
1.253017510812862056e+00
1.471588213344279694e+00
1.707721185494881500e+00
1.961416427264668139e+00
2.232673938653639389e+00
2.521493719661795030e+00
2.827875770289135282e+00
3.151820090535660590e+00
3.493326680401370066e+00
3.852395539886265485e+00
4.229026668990345073e+00
4.623220067713607939e+00
5.034975736056056306e+00
5.464293674017689284e+00
5.911173881598508650e+00
6.375616358798510852e+00
6.857621105617697665e+00
7.357188122056069091e+00
7.874317408113625127e+00
8.409008963790368441e+00
8.961262789086291036e+00
9.531078884001402685e+00
1.011845724853569628e+01
1.072339788268917715e+01
1.134590078646183819e+01
1.198596595985369007e+01
1.264359340286472033e+01
1.331878311549494143e+01
1.401153509774434625e+01
1.472184934961292946e+01
1.544972587110070528e+01
1.619516466220765949e+01
1.695816572293380275e+01
1.773872905327912619e+01
1.853685465324363690e+01
1.935254252282733134e+01
2.018579266203021305e+01
2.103660507085227849e+01
2.190497974929352409e+01
2.279091669735396053e+01
2.369441591503357714e+01
2.461547740233238457e+01
2.555410115925036862e+01
2.651028718578754351e+01
2.748403548194389501e+01
2.847534604771944089e+01
2.948421888311416339e+01
3.051065398812807672e+01
3.155465136276117732e+01
3.261621100701345455e+01
3.369533292088491550e+01
3.479201710437557438e+01
3.590626355748540277e+01
3.703807228021441489e+01
3.818744327256261784e+01
3.935437653453001872e+01
4.053887206611658200e+01
4.174092986732233612e+01
4.296054993814727396e+01
4.419773227859141684e+01
4.545247688865472213e+01
4.672478376833721114e+01
4.801465291763890519e+01
4.932208433655976876e+01
5.064707802509980894e+01
5.198963398325903995e+01
5.334975221103746890e+01
5.472743270843506735e+01
5.612267547545185664e+01
5.753548051208784386e+01
5.896584781834299349e+01
6.041377739421733395e+01
6.187926923971085102e+01
6.336232335482358025e+01
6.486293973955547187e+01
6.638111839390654723e+01
6.791685931787679920e+01
6.947016251146627042e+01
7.104102797467490404e+01
7.262945570750271429e+01
7.423544570994972958e+01
7.585899798201592148e+01
7.750011252370127579e+01
7.915878933500583514e+01
8.083502841592959953e+01
8.252882976647251212e+01
8.424019338663461554e+01
8.596911927641590978e+01
8.771560743581640907e+01
8.947965786483607076e+01
9.126127056347490907e+01
9.306044553173293821e+01
9.487718276961015818e+01
9.671148227710655476e+01
9.856334405422212797e+01
1.004327681009569204e+02
1.023197544173108753e+02
1.042243030032840068e+02
1.061464138588763575e+02
1.080860869840878564e+02
1.100433223789185462e+02
1.120181200433684268e+02
1.140104799774375124e+02
1.160204021811257604e+02
1.180478866544331851e+02
1.200929333973598006e+02
1.221555424099056211e+02
1.242357136920706040e+02
1.263334472438547635e+02
1.284487430652581281e+02
1.958459763039710140e+02
1.918702279804143416e+02
1.879352491426189431e+02
1.840410397905849322e+02
1.801875999243122237e+02
1.763749295438007891e+02
1.726030286490507422e+02
1.688718972400619975e+02
1.651815353168345268e+02
1.615319428793684438e+02
1.579231199276636914e+02
1.543550664617201846e+02
1.508277824815380654e+02
1.473412679871172770e+02
1.438955229784577341e+02
1.404905474555595788e+02
1.371263414184227543e+02
1.338029048670471752e+02
1.305202378014329838e+02
1.272783402215800947e+02
1.240772121274885507e+02
1.209168535191583089e+02
1.177972643965893838e+02
1.147184447597818036e+02
1.116803946087355115e+02
1.086831139434505502e+02
1.057266027639269339e+02
1.028108610701646199e+02
9.993588886216362255e+01
9.710168613992395592e+01
9.430825290344563427e+01
9.155558915272860077e+01
8.884369488777289803e+01
8.617257010857852606e+01
8.354221481514547065e+01
8.095262900747373180e+01
7.840381268556333794e+01
7.589576584941423221e+01
7.342848849902647146e+01
7.100198063440004148e+01
6.861624225553489964e+01
6.627127336243110278e+01
6.396707395508863669e+01
6.170364403350747295e+01
5.948098359768763288e+01
5.729909264762913068e+01
5.515797118333193794e+01
5.305761920479608307e+01
5.099803671202153055e+01
4.897922370500831590e+01
4.700118018375641071e+01
4.506390614826582208e+01
4.316740159853657843e+01
4.131166653456863713e+01
3.949670095636201950e+01
3.772250486391673974e+01
3.598907825723276233e+01
3.429642113631010858e+01
3.264453350114879271e+01
3.103341535174878629e+01
2.946306668811009999e+01
2.793348751023274446e+01
2.644467781811670903e+01
2.499663761176199017e+01
2.358936689116859853e+01
2.222286565633653055e+01
2.089713390726577913e+01
1.961217164395635493e+01
1.836797886640825084e+01
1.716455557462146331e+01
1.600190176859600655e+01
1.488001744833186457e+01
1.379890261382904981e+01
1.275855726508755694e+01
1.175898140210738063e+01
1.080017502488853154e+01
9.882138133431004334e+00
9.004870727734797242e+00
8.168372807799913815e+00
7.372644373626351388e+00
6.617685425214111739e+00
5.903495962563193977e+00
5.230075985673597216e+00
4.597425494545324121e+00
4.005544489178372025e+00
3.454432969572741818e+00
2.944090935728433944e+00
2.474518387645449291e+00
2.045715325323785194e+00
1.657681748763443874e+00
1.310417657964424221e+00
1.003923052926727122e+00
7.381979336503515787e-01
5.132423001352983682e-01
3.290561523815672129e-01
1.856394903891580572e-01
8.299231415807101220e-02
2.111462368830600150e-02
6.418979863048724071e-06
1.966770003274215944e-02
8.009846684694331420e-02
1.812987194224665866e-01
3.232684577593118447e-01
5.060076818574792412e-01
7.295163917169684709e-01
9.937945873377801442e-01
1.298842268719913484e+00
1.644659435863369268e+00
2.031246088768146940e+00
2.458602227434246945e+00
2.926727851861667951e+00
3.435622962050412177e+00
3.985287558000478292e+00
4.575721639711866295e+00
5.206925207184575299e+00
5.878898260418607968e+00
6.591640799413962526e+00
7.345152824170638084e+00
8.139434334688637307e+00
8.974485330967954866e+00
9.850305813008601419e+00
1.076689578081056275e+01
1.172425523437384776e+01
1.272238417369845997e+01
1.376128259878438875e+01
1.484095050963164475e+01
1.596138790624021730e+01
1.712259478861011175e+01
1.832457115674133519e+01
1.956731701063387519e+01
2.085083235028773530e+01
2.217511717570292262e+01
2.354017148687943006e+01
2.494599528381725762e+01
2.639258856651641238e+01
2.787995133497688371e+01
2.940808358919867516e+01
3.097698532918179737e+01
3.258665655492624325e+01
3.423709726643199502e+01
3.592830746369908468e+01
3.766028714672749089e+01
3.943303631551720656e+01
4.124655497006826721e+01
4.310084311038064442e+01
4.499590073645432398e+01
4.693172784828934851e+01
4.890832444588568961e+01
5.092569052924334017e+01
5.298382609836232859e+01
5.508273115324263358e+01
5.722240569388426934e+01
5.940284972028722166e+01
6.162406323245148343e+01
6.388604623037708308e+01
6.618879871406400639e+01
6.853232068351222495e+01
7.091661213872178848e+01
7.334167307969268279e+01
7.580750350642486524e+01
7.831410341891839266e+01
8.086147281717325086e+01
8.344961170118941141e+01
8.607852007096690272e+01
8.874819792650572481e+01
9.145864526780584924e+01
9.420986209486730445e+01
9.700184840769010464e+01
9.983460420627417875e+01
1.027081294906196121e+02
1.056224242607263619e+02
1.085774885165944141e+02
1.115733222582238113e+02
1.146099254856145393e+02
1.176872981987665838e+02
1.208054403976799165e+02
1.239643520823546083e+02
1.271640332527906168e+02
1.304044839089879133e+02
1.336857040509465548e+02
1.370076936786665556e+02
1.403704527921478018e+02
1.437739813913904072e+02
1.472182794763943718e+02
1.507033470471596104e+02
1.542291841036861797e+02
1.577957906459741082e+02
1.614031666740233106e+02
1.650513121878338154e+02
1.687402271874057362e+02
1.724699116727389026e+02
1.762403656438334565e+02
1.800515891006892559e+02
1.839035820433063861e+02
1.877963444716849040e+02
1.917298763858246957e+02
1.957041777857257898e+02
1.997192486713882715e+02
2.037750890428119988e+02
2.078716988999970567e+02
2.120090782429435308e+02
2.161872270716512219e+02
2.204061453861202438e+02
2.246658331863506817e+02
2.289662904723423367e+02
2.333075172440953509e+02
2.376895135016097242e+02
2.421122792448853716e+02
2.465758144739223212e+02
2.510801191887206869e+02
2.556251933892802981e+02
2.602110370756012117e+02
2.648376502476835412e+02
2.695050329055271163e+02
2.742131850491319938e+02
2.789621066784982872e+02
2.837517977936258262e+02
2.885822583945146675e+02
2.934534884811649249e+02
2.983654880535764278e+02
3.033182571117492330e+02
3.083117956556834542e+02
3.133461036853789210e+02
3.184211812008357469e+02
3.235370282020539321e+02
3.286936446890333627e+02
3.338910306617740957e+02
3.391291861202762448e+02
3.444081110645396393e+02
3.497278054945643930e+02
3.550882694103505060e+02
3.604895028118978644e+02
3.659315056992065252e+02
3.714142780722766588e+02
3.769378199311079811e+02
3.825021312757006058e+02
3.881072121060547033e+02
3.937530624221699895e+02
3.994396822240465781e+02
4.051670715116846395e+02
4.109352302850838896e+02
4.167441585442444421e+02
4.225938562891664674e+02
4.284843235198496814e+02
4.344155602362941977e+02
4.403875664385001869e+02
4.464003421264673648e+02
4.524538873001959018e+02
4.585482019596857981e+02
4.646832861049369967e+02
4.708591397359494408e+02
4.770757628527233578e+02
4.833331554552584635e+02
4.896313175435549283e+02
4.959702491176127523e+02
5.023499501774318787e+02
