2.345263208337846663e+02
2.311632790118618743e+02
2.278245241780190611e+02
2.245100563322563687e+02
2.212198754745736835e+02
2.179539816049710623e+02
2.147123747234484767e+02
2.114950548300058699e+02
2.083020219246433555e+02
2.051332760073608767e+02
2.019888170781584336e+02
1.988686451370359691e+02
1.957727601839936256e+02
1.927011622190313176e+02
1.896538512421490452e+02
1.866308272533467800e+02
1.836320902526245220e+02
1.806576402399823564e+02
1.777074772154202549e+02
1.747816011789381605e+02
1.718800121305360449e+02
1.690027100702140501e+02
1.661496949979720910e+02
1.633209669138101390e+02
1.605165258177282510e+02
1.577363717097263418e+02
1.549805045898045250e+02
1.522489244579627723e+02
1.495416313142010267e+02
1.468586251585192883e+02
1.441999059909176140e+02
1.415654738113960036e+02
1.389553286199544289e+02
1.363694704165928897e+02
1.338078992013113293e+02
1.312706149741098614e+02
1.287576177349884290e+02
1.262689074839470607e+02
1.238044842209857137e+02
1.213643479461043739e+02
1.189484986593031124e+02
1.165569363605818722e+02
1.141896610499406535e+02
1.118466727273795129e+02
1.095279713928983654e+02
1.072335570464972960e+02
1.049634296881762339e+02
1.027175893179352357e+02
1.004960359357742590e+02
9.829876954169333203e+01
9.612579013569242647e+01
9.397709771777158494e+01
9.185269228793077900e+01
8.975257384616999445e+01
8.767674239248927393e+01
8.562519792688856057e+01
8.359794044936791124e+01
8.159496995992728330e+01
7.961628645856671938e+01
7.766188994528616263e+01
7.573178042008566990e+01
7.382595788296521278e+01
7.194442233392477704e+01
7.008717377296440532e+01
6.825421220008404077e+01
6.644553761528375446e+01
6.466115001856347533e+01
6.290104940992324600e+01
6.116523578936304517e+01
5.945370915688290125e+01
5.776646951248280004e+01
5.610351685616271311e+01
5.446485118792269020e+01
5.285047250776268157e+01
5.126038081568273697e+01
4.969457611168280664e+01
4.815305839576293323e+01
4.663582766792308831e+01
4.514288392816329321e+01
4.367422717648354080e+01
4.222985741288380268e+01
4.080977463736412858e+01
3.941397884992447587e+01
3.804247005056487296e+01
3.669524823928529855e+01
3.537231341608577395e+01
3.407366558096627784e+01
3.279930473392683155e+01
3.154923087496742085e+01
3.032344400408804930e+01
2.912194412128871335e+01
2.794473122656941655e+01
2.679180531993016601e+01
2.566316640137094751e+01
2.455881447089177172e+01
2.347874952849263153e+01
2.242297157417353048e+01
2.139148060793446859e+01
2.038427662977544230e+01
1.940135963969645871e+01
1.844272963769751428e+01
1.750838662377861255e+01
1.659833059793974641e+01
1.571256156018091765e+01
1.485107951050212804e+01
1.401388444890337759e+01
1.320097637538466628e+01
1.241235528994599235e+01
1.164802119258735935e+01
1.090797408330876550e+01
1.019221396211021258e+01
9.500740828991695253e+00
8.833554683953218856e+00
8.190655526994779834e+00
7.572043358116379075e+00
6.977718177318018355e+00
6.407679984599695899e+00
5.861928779961414371e+00
5.340464563403170217e+00
4.843287334924964327e+00
4.370397094526798476e+00
3.921793842208672221e+00
3.497477577970583784e+00
3.097448301812534055e+00
2.721706013734523477e+00
2.370250713736552051e+00
2.043082401818620220e+00
1.740201077980725985e+00
1.461606742222871347e+00
1.207299394545055859e+00
9.772790349472789684e-01
7.715456634295411176e-01
5.900992799918424181e-01
4.329398846341824814e-01
3.000674773565613629e-01
1.914820581589793402e-01
1.071836270414362191e-01
4.717218400393202032e-02
1.144772904646674909e-02
1.026216904040445411e-05
1.285978337165299100e-02
4.999629265430451108e-02
1.114197900169949518e-01
1.971302754597243634e-01
3.071277489824926765e-01
4.414122105852998912e-01
5.999836602681460906e-01
7.828420980310313304e-01
9.899875238739551664e-01
1.221419937796918154e+00
1.477139339799919959e+00
1.757145729882960916e+00
2.061439108046040580e+00
2.390019474289158286e+00
2.742886828612316030e+00
3.120041171015512926e+00
3.521482501498748530e+00
3.947210820062023284e+00
4.397226126705335858e+00
4.871528421428688027e+00
5.370117704232079348e+00
5.892993975115509819e+00
6.440157234078979442e+00
7.011607481122486440e+00
7.607344716246033478e+00
8.227368939449617002e+00
8.871680150733242343e+00
9.540278350096906834e+00
1.023316353754061048e+01
1.095033571306435149e+01
1.169179487666813344e+01
1.245754102835195276e+01
1.324757416811581123e+01
1.406189429595970886e+01
1.490050141188364208e+01
1.576339551588761623e+01
1.665057660797163308e+01
1.756204468813568553e+01
1.849779975637977714e+01
1.945784181270390789e+01
2.044217085710807780e+01
2.145078688959229041e+01
2.248368991015653862e+01
2.354087991880081887e+01
2.462235691552514538e+01
2.572812090032951104e+01
2.685817187321391231e+01
2.801250983417835627e+01
2.919113478322283939e+01
3.039404672034735810e+01
3.162124564555191952e+01
3.287273155883651299e+01
3.414850446020115271e+01
3.544856434964582803e+01
3.677291122717054606e+01
3.812154509277529257e+01
3.949446594646009601e+01
4.089167378822492083e+01
4.231316861806978125e+01
4.375895043599470569e+01
4.522901924199964441e+01
4.672337503608464004e+01
4.824201781824965707e+01
4.978494758849473101e+01
5.135216434681983344e+01
5.294366809322498568e+01
5.455945882771015931e+01
5.619953655027536854e+01
5.786390126092064179e+01
5.955255295964592932e+01
6.126549164645128087e+01
6.300271732133664671e+01
6.476422998430207656e+01
6.655002963534751359e+01
6.836011627447302885e+01
7.019448990167855129e+01
7.205315051696410933e+01
7.393609812032973139e+01
7.584333271177537483e+01
7.777485429130106809e+01
7.973066285890678273e+01
8.171075841459256139e+01
8.371514095835836144e+01
8.574381049020421131e+01
8.779676701013009676e+01
8.987401051813600361e+01
9.197554101422197448e+01
9.410135849838796673e+01
9.625146297063400880e+01
9.842585443096008646e+01
1.006245328793662139e+02
1.028474983158523628e+02
1.050947507404185615e+02
1.073662901530647815e+02
1.096621165537910514e+02
1.119822299425973711e+02
1.143266303194837121e+02
1.166953176844501172e+02
1.190882920374965295e+02
1.215055533786230058e+02
1.239471017078295034e+02
1.264129370251160651e+02
1.289030593304826766e+02
1.314174686239292669e+02
1.339561649054559211e+02
1.365191481750626679e+02
1.391064184327493933e+02
1.417179756785161544e+02
1.443538199123629511e+02
1.470139511342898686e+02
1.496983693442967365e+02
1.524070745423836684e+02
1.551400667285506358e+02
1.578973459027976389e+02
1.606789120651247345e+02
1.634847652155318087e+02
